sinp                   lambda3  tanbeta  sinbma       widthA        MA            widthH        MH            FracWA    FracWH
0.1                    2        1        0.99995      1.069781e+02  7.000000e+02  1.995719e-01  2.600000e+02  0.152826  0.000767584
0.1                    2        1        0.9949874    1.071395e+02  7.000000e+02  1.658269e+01  2.600000e+02  0.153056  0.0637796
0.1                    2        1        0.979795897  1.080612e+02  7.000000e+02  6.089216e+01  2.600000e+02  0.154373  0.234201
0.1                    2        2        0.99995      8.524335e+01  7.000000e+02  2.423769e-01  2.600000e+02  0.121776  0.000932219
0.1                    2        2        0.9949874    8.575488e+01  7.000000e+02  2.012722e+01  2.600000e+02  0.122507  0.0774124
0.1                    2        2        0.979795897  8.682892e+01  7.000000e+02  8.876291e+01  2.600000e+02  0.124041  0.341396
0.1                    2        3        0.99995      9.061540e+01  7.000000e+02  3.490345e-01  2.600000e+02  0.129451  0.00134244
0.1                    2        3        0.9949874    9.093370e+01  7.000000e+02  2.312736e+01  2.600000e+02  0.129905  0.0889514
0.1                    2        3        0.979795897  9.198226e+01  7.000000e+02  1.130881e+02  2.600000e+02  0.131403  0.434954
0.1                    2        4        0.99995      1.033496e+02  7.000000e+02  5.021283e-01  2.600000e+02  0.147642  0.00193126
0.1                    2        4        0.9949874    1.026258e+02  7.000000e+02  2.608816e+01  2.600000e+02  0.146608  0.100339
0.1                    2        4        0.979795897  1.027479e+02  7.000000e+02  1.374428e+02  2.600000e+02  0.146783  0.528626
0.1                    2        5        0.99995      1.214009e+02  7.000000e+02  6.993844e-01  2.600000e+02  0.17343   0.00268994
0.1                    2        5        0.9949874    1.193192e+02  7.000000e+02  2.910803e+01  2.600000e+02  0.170456  0.111954
0.1                    2        5        0.979795897  1.181988e+02  7.000000e+02  1.624335e+02  2.600000e+02  0.168855  0.624744
0.1                    2        6        0.99995      1.439811e+02  7.000000e+02  9.401102e-01  2.600000e+02  0.205687  0.00361581
0.1                    2        6        0.9949874    1.397883e+02  7.000000e+02  3.221500e+01  2.600000e+02  0.199698  0.123904
0.1                    2        6        0.979795897  1.366944e+02  7.000000e+02  1.881473e+02  2.600000e+02  0.195278  0.723643
0.1                    2        8        0.99995      2.019657e+02  7.000000e+02  1.550648e+00  2.600000e+02  0.288522  0.00596403
0.1                    2        8        0.9949874    1.907093e+02  7.000000e+02  3.871321e+01  2.600000e+02  0.272442  0.148897
0.1                    2        8        0.979795897  1.809384e+02  7.000000e+02  2.414470e+02  2.600000e+02  0.258483  0.928642
0.1                    3        1        0.99995      1.058733e+02  7.000000e+02  1.742991e-01  2.600000e+02  0.151248  0.000670381
0.1                    3        1        0.9949874    1.060343e+02  7.000000e+02  1.412607e+01  2.600000e+02  0.151478  0.054331
0.1                    3        1        0.979795897  1.069547e+02  7.000000e+02  5.190122e+01  2.600000e+02  0.152792  0.19962
0.1                    3        2        0.99995      8.334873e+01  7.000000e+02  2.089846e-01  2.600000e+02  0.11907   0.000803787
0.1                    3        2        0.9949874    8.366092e+01  7.000000e+02  1.710985e+01  2.600000e+02  0.119516  0.0658071
0.1                    3        2        0.979795897  8.480754e+01  7.000000e+02  7.536415e+01  2.600000e+02  0.121154  0.289862
0.1                    3        3        0.99995      8.713498e+01  7.000000e+02  2.985745e-01  2.600000e+02  0.124479  0.00114836
0.1                    3        3        0.9949874    8.731588e+01  7.000000e+02  1.962927e+01  2.600000e+02  0.124737  0.0754972
0.1                    3        3        0.979795897  8.829020e+01  7.000000e+02  9.573145e+01  2.600000e+02  0.126129  0.368198
0.1                    3        4        0.99995      9.756944e+01  7.000000e+02  4.274187e-01  2.600000e+02  0.139385  0.00164392
0.1                    3        4        0.9949874    9.690423e+01  7.000000e+02  2.210990e+01  2.600000e+02  0.138435  0.0850381
0.1                    3        4        0.979795897  9.705899e+01  7.000000e+02  1.160234e+02  2.600000e+02  0.138656  0.446244
0.1                    3        5        0.99995      1.126436e+02  7.000000e+02  5.934697e-01  2.600000e+02  0.160919  0.00228258
0.1                    3        5        0.9949874    1.107259e+02  7.000000e+02  2.463421e+01  2.600000e+02  0.15818   0.094747
0.1                    3        5        0.979795897  1.097336e+02  7.000000e+02  1.367427e+02  2.600000e+02  0.156762  0.525933
0.1                    3        6        0.99995      1.315844e+02  7.000000e+02  7.961013e-01  2.600000e+02  0.187978  0.00306193
0.1                    3        6        0.9949874    1.277248e+02  7.000000e+02  2.722532e+01  2.600000e+02  0.182464  0.104713
0.1                    3        6        0.979795897  1.249197e+02  7.000000e+02  1.579524e+02  2.600000e+02  0.178457  0.607509
0.1                    3        8        0.99995      1.803157e+02  7.000000e+02  1.309903e+00  2.600000e+02  0.257594  0.00503809
0.1                    3        8        0.9949874    1.699745e+02  7.000000e+02  3.262534e+01  2.600000e+02  0.242821  0.125482
0.1                    3        8        0.979795897  1.610655e+02  7.000000e+02  2.015550e+02  2.600000e+02  0.230094  0.775212
0.1                    4        1        0.99995      1.048976e+02  7.000000e+02  1.510643e-01  2.600000e+02  0.149854  0.000581017
0.1                    4        1        0.9949874    1.050581e+02  7.000000e+02  1.186725e+01  2.600000e+02  0.150083  0.0456433
0.1                    4        1        0.979795897  1.059768e+02  7.000000e+02  4.363084e+01  2.600000e+02  0.151395  0.167811
0.1                    4        2        0.99995      8.168699e+01  7.000000e+02  1.783254e-01  2.600000e+02  0.116696  0.000685867
0.1                    4        2        0.9949874    8.198915e+01  7.000000e+02  1.433827e+01  2.600000e+02  0.117127  0.0551472
0.1                    4        2        0.979795897  8.294640e+01  7.000000e+02  6.306383e+01  2.600000e+02  0.118495  0.242553
0.1                    4        3        0.99995      8.395817e+01  7.000000e+02  2.523108e-01  2.600000e+02  0.11994   0.000970426
0.1                    4        3        0.9949874    8.400030e+01  7.000000e+02  1.641875e+01  2.600000e+02  0.12      0.063149
0.1                    4        3        0.979795897  8.497728e+01  7.000000e+02  7.982281e+01  2.600000e+02  0.121396  0.307011
0.1                    4        4        0.99995      9.231955e+01  7.000000e+02  3.589866e-01  2.600000e+02  0.131885  0.00138072
0.1                    4        4        0.9949874    9.200955e+01  7.000000e+02  1.846147e+01  2.600000e+02  0.131442  0.0710057
0.1                    4        4        0.979795897  9.243218e+01  7.000000e+02  9.642036e+01  2.600000e+02  0.132046  0.370848
0.1                    4        5        0.99995      1.046724e+02  7.000000e+02  4.965139e-01  2.600000e+02  0.149532  0.00190967
0.1                    4        5        0.9949874    1.029259e+02  7.000000e+02  2.053439e+01  2.600000e+02  0.147037  0.0789784
0.1                    4        5        0.979795897  1.020711e+02  7.000000e+02  1.132652e+02  2.600000e+02  0.145816  0.435635
0.1                    4        6        0.99995      1.202870e+02  7.000000e+02  6.643283e-01  2.600000e+02  0.171839  0.00255511
0.1                    4        6        0.9949874    1.167696e+02  7.000000e+02  2.265619e+01  2.600000e+02  0.166814  0.0871392
0.1                    4        6        0.979795897  1.142653e+02  7.000000e+02  1.304001e+02  2.600000e+02  0.163236  0.501539
0.1                    4        8        0.99995      1.605625e+02  7.000000e+02  1.089730e+00  2.600000e+02  0.229375  0.00419127
0.1                    4        8        0.9949874    1.511494e+02  7.000000e+02  2.705896e+01  2.600000e+02  0.215928  0.104073
0.1                    4        8        0.979795897  1.431204e+02  7.000000e+02  1.652661e+02  2.600000e+02  0.204458  0.635639
0.1                    6        1        0.99995      1.033337e+02  7.000000e+02  1.107088e-01  2.600000e+02  0.14762   0.000425803
0.1                    6        1        0.9949874    1.034926e+02  7.000000e+02  7.943031e+00  2.600000e+02  0.147847  0.0305501
0.1                    6        1        0.979795897  1.044065e+02  7.000000e+02  2.925180e+01  2.600000e+02  0.149152  0.112507
0.1                    6        2        0.99995      7.894386e+01  7.000000e+02  1.252068e-01  2.600000e+02  0.112777  0.000481565
0.1                    6        2        0.9949874    7.923187e+01  7.000000e+02  9.532492e+00  2.600000e+02  0.113188  0.0366634
0.1                    6        2        0.979795897  8.016161e+01  7.000000e+02  4.175855e+01  2.600000e+02  0.114517  0.16061
0.1                    6        3        0.99995      7.867492e+01  7.000000e+02  1.723724e-01  2.600000e+02  0.112393  0.000662971
0.1                    6        3        0.9949874    7.874381e+01  7.000000e+02  1.086042e+01  2.600000e+02  0.112491  0.0417708
0.1                    6        3        0.979795897  7.950307e+01  7.000000e+02  5.234965e+01  2.600000e+02  0.113576  0.201345
0.1                    6        4        0.99995      8.354481e+01  7.000000e+02  2.409552e-01  2.600000e+02  0.11935   0.000926751
0.1                    6        4        0.9949874    8.308972e+01  7.000000e+02  1.215414e+01  2.600000e+02  0.1187    0.0467467
0.1                    6        4        0.979795897  8.338749e+01  7.000000e+02  6.266310e+01  2.600000e+02  0.119125  0.241012
0.1                    6        5        0.99995      9.108835e+01  7.000000e+02  3.294789e-01  2.600000e+02  0.130126  0.00126723
0.1                    6        5        0.9949874    8.970596e+01  7.000000e+02  1.345678e+01  2.600000e+02  0.128151  0.0517568
0.1                    6        5        0.979795897  8.946472e+01  7.000000e+02  7.294996e+01  2.600000e+02  0.127807  0.280577
0.1                    6        6        0.99995      1.009898e+02  7.000000e+02  4.374902e-01  2.600000e+02  0.144271  0.00168265
0.1                    6        6        0.9949874    9.818419e+01  7.000000e+02  1.477959e+01  2.600000e+02  0.140263  0.0568446
0.1                    6        6        0.979795897  9.631737e+01  7.000000e+02  8.322300e+01  2.600000e+02  0.137596  0.320088
0.1                    6        8        0.99995      1.267463e+02  7.000000e+02  7.111004e-01  2.600000e+02  0.181066  0.002735
0.1                    6        8        0.9949874    1.192279e+02  7.000000e+02  1.749065e+01  2.600000e+02  0.170326  0.0672717
0.1                    6        8        0.979795897  1.130135e+02  7.000000e+02  1.034971e+02  2.600000e+02  0.161448  0.398066
0.1                    8        1        0.99995      1.022864e+02  7.000000e+02  7.850548e-02  2.600000e+02  0.146123  0.000301944
0.1                    8        1        0.9949874    1.024430e+02  7.000000e+02  4.810018e+00  2.600000e+02  0.146347  0.0185001
0.1                    8        1        0.979795897  1.033504e+02  7.000000e+02  1.775502e+01  2.600000e+02  0.147643  0.0682885
0.1                    8        2        0.99995      7.697451e+01  7.000000e+02  8.302102e-02  2.600000e+02  0.109964  0.000319312
0.1                    8        2        0.9949874    7.725629e+01  7.000000e+02  5.709891e+00  2.600000e+02  0.110366  0.0219611
0.1                    8        2        0.979795897  7.816651e+01  7.000000e+02  2.484707e+01  2.600000e+02  0.111666  0.0955657
0.1                    8        3        0.99995      7.471999e+01  7.000000e+02  1.092191e-01  2.600000e+02  0.106743  0.000420073
0.1                    8        3        0.9949874    7.483064e+01  7.000000e+02  6.452341e+00  2.600000e+02  0.106901  0.0248167
0.1                    8        3        0.979795897  7.560483e+01  7.000000e+02  3.066865e+01  2.600000e+02  0.108007  0.117956
0.1                    8        4        0.99995      7.675676e+01  7.000000e+02  1.480340e-01  2.600000e+02  0.109653  0.000569362
0.1                    8        4        0.9949874    7.646806e+01  7.000000e+02  7.166145e+00  2.600000e+02  0.10924   0.0275621
0.1                    8        4        0.979795897  7.689109e+01  7.000000e+02  3.617099e+01  2.600000e+02  0.109844  0.139119
0.1                    8        5        0.99995      8.078318e+01  7.000000e+02  1.982797e-01  2.600000e+02  0.115405  0.000762614
0.1                    8        5        0.9949874    7.979535e+01  7.000000e+02  7.875191e+00  2.600000e+02  0.113993  0.0302892
0.1                    8        5        0.979795897  7.958750e+01  7.000000e+02  4.148793e+01  2.600000e+02  0.113696  0.159569
0.1                    8        6        0.99995      8.608960e+01  7.000000e+02  2.595960e-01  2.600000e+02  0.122985  0.000998446
0.1                    8        6        0.9949874    8.416681e+01  7.000000e+02  8.585194e+00  2.600000e+02  0.120238  0.03302
0.1                    8        6        0.979795897  8.299123e+01  7.000000e+02  4.661604e+01  2.600000e+02  0.118559  0.179292
0.1                    8        8        0.99995      1.005169e+02  7.000000e+02  4.147599e-01  2.600000e+02  0.143596  0.00159523
0.1                    8        8        0.9949874    9.494494e+01  7.000000e+02  1.000827e+01  2.600000e+02  0.135636  0.0384933
0.1                    8        8        0.979795897  9.061775e+01  7.000000e+02  5.614001e+01  2.600000e+02  0.129454  0.215923
0.2                    2        1        0.99995      1.207034e+02  7.000000e+02  2.534721e-01  2.600000e+02  0.172433  0.000974893
0.2                    2        1        0.9949874    1.208527e+02  7.000000e+02  1.665004e+01  2.600000e+02  0.172647  0.0640386
0.2                    2        1        0.979795897  1.215079e+02  7.000000e+02  6.100072e+01  2.600000e+02  0.173583  0.234618
0.2                    2        2        0.99995      1.142030e+02  7.000000e+02  1.017830e+00  2.600000e+02  0.163147  0.00391473
0.2                    2        2        0.9949874    1.150494e+02  7.000000e+02  2.071711e+01  2.600000e+02  0.164356  0.0796812
0.2                    2        2        0.979795897  1.167719e+02  7.000000e+02  8.917248e+01  2.600000e+02  0.166817  0.342971
0.2                    2        3        0.99995      1.476268e+02  7.000000e+02  2.707849e+00  2.600000e+02  0.210895  0.0104148
0.2                    2        3        0.9949874    1.468853e+02  7.000000e+02  2.509140e+01  2.600000e+02  0.209836  0.0965054
0.2                    2        3        0.979795897  1.473102e+02  7.000000e+02  1.146406e+02  2.600000e+02  0.210443  0.440925
0.2                    2        4        0.99995      2.026949e+02  7.000000e+02  5.127809e+00  2.600000e+02  0.289564  0.0197223
0.2                    2        4        0.9949874    1.990349e+02  7.000000e+02  3.004562e+01  2.600000e+02  0.284336  0.11556
0.2                    2        4        0.979795897  1.969242e+02  7.000000e+02  1.406921e+02  2.600000e+02  0.28132   0.541123
0.2                    2        5        0.99995      2.750155e+02  7.000000e+02  8.250821e+00  2.600000e+02  0.392879  0.0317339
0.2                    2        5        0.9949874    2.660882e+02  7.000000e+02  3.562443e+01  2.600000e+02  0.380126  0.137017
0.2                    2        5        0.979795897  2.591581e+02  7.000000e+02  1.678519e+02  2.600000e+02  0.370226  0.645584
0.2                    2        6        0.99995      3.638503e+02  7.000000e+02  1.206798e+01  2.600000e+02  0.519786  0.0464153
0.2                    2        6        0.9949874    3.467347e+02  7.000000e+02  4.182271e+01  2.600000e+02  0.495335  0.160857
0.2                    2        6        0.979795897  3.321498e+02  7.000000e+02  1.961510e+02  2.600000e+02  0.4745    0.754427
0.2                    2        8        0.99995      5.900042e+02  7.000000e+02  2.176591e+01  2.600000e+02  0.842863  0.083715
0.2                    2        8        0.9949874    5.454904e+02  7.000000e+02  5.599016e+01  2.600000e+02  0.779272  0.215347
0.2                    2        8        0.979795897  5.050071e+02  7.000000e+02  2.556788e+02  2.600000e+02  0.721439  0.98338
0.2                    3        1        0.99995      1.160064e+02  7.000000e+02  2.281777e-01  2.600000e+02  0.165723  0.000877607
0.2                    3        1        0.9949874    1.161676e+02  7.000000e+02  1.419127e+01  2.600000e+02  0.165954  0.0545818
0.2                    3        1        0.979795897  1.168896e+02  7.000000e+02  5.200114e+01  2.600000e+02  0.166985  0.200004
0.2                    3        2        0.99995      1.065990e+02  7.000000e+02  8.707522e-01  2.600000e+02  0.152284  0.00334905
0.2                    3        2        0.9949874    1.072603e+02  7.000000e+02  1.761416e+01  2.600000e+02  0.153229  0.0677468
0.2                    3        2        0.979795897  1.087690e+02  7.000000e+02  7.571591e+01  2.600000e+02  0.155384  0.291215
0.2                    3        3        0.99995      1.341603e+02  7.000000e+02  2.294064e+00  2.600000e+02  0.191658  0.00882332
0.2                    3        3        0.9949874    1.334343e+02  7.000000e+02  2.128691e+01  2.600000e+02  0.19062   0.0818727
0.2                    3        3        0.979795897  1.338138e+02  7.000000e+02  9.703920e+01  2.600000e+02  0.191163  0.373228
0.2                    3        4        0.99995      1.802750e+02  7.000000e+02  4.331993e+00  2.600000e+02  0.257536  0.0166615
0.2                    3        4        0.9949874    1.768420e+02  7.000000e+02  2.543714e+01  2.600000e+02  0.252631  0.0978352
0.2                    3        4        0.979795897  1.748582e+02  7.000000e+02  1.187445e+02  2.600000e+02  0.249797  0.45671
0.2                    3        5        0.99995      2.410477e+02  7.000000e+02  6.961538e+00  2.600000e+02  0.344354  0.0267751
0.2                    3        5        0.9949874    2.327564e+02  7.000000e+02  3.010016e+01  2.600000e+02  0.332509  0.11577
0.2                    3        5        0.979795897  2.263237e+02  7.000000e+02  1.412622e+02  2.600000e+02  0.32332   0.543316
0.2                    3        6        0.99995      3.157663e+02  7.000000e+02  1.017495e+01  2.600000e+02  0.451095  0.0391344
0.2                    3        6        0.9949874    2.999430e+02  7.000000e+02  3.526939e+01  2.600000e+02  0.42849   0.135652
0.2                    3        6        0.979795897  2.864784e+02  7.000000e+02  1.646055e+02  2.600000e+02  0.409255  0.633098
0.2                    3        8        0.99995      5.060287e+02  7.000000e+02  1.833659e+01  2.600000e+02  0.722898  0.0705253
0.2                    3        8        0.9949874    4.650646e+02  7.000000e+02  4.704375e+01  2.600000e+02  0.664378  0.180938
0.2                    3        8        0.979795897  4.279243e+02  7.000000e+02  2.133080e+02  2.600000e+02  0.61132   0.820415
0.2                    4        1        0.99995      1.119115e+02  7.000000e+02  2.049232e-01  2.600000e+02  0.159874  0.000788166
0.2                    4        1        0.9949874    1.121231e+02  7.000000e+02  1.193048e+01  2.600000e+02  0.160176  0.0458865
0.2                    4        1        0.979795897  1.130871e+02  7.000000e+02  4.372283e+01  2.600000e+02  0.161553  0.168165
0.2                    4        2        0.99995      9.934396e+01  7.000000e+02  7.361453e-01  2.600000e+02  0.14192   0.00283133
0.2                    4        2        0.9949874    9.992190e+01  7.000000e+02  1.476444e+01  2.600000e+02  0.142746  0.0567863
0.2                    4        2        0.979795897  1.016891e+02  7.000000e+02  6.336288e+01  2.600000e+02  0.14527   0.243703
0.2                    4        3        0.99995      1.219818e+02  7.000000e+02  1.915617e+00  2.600000e+02  0.17426   0.00736776
0.2                    4        3        0.9949874    1.212860e+02  7.000000e+02  1.779675e+01  2.600000e+02  0.173266  0.068449
0.2                    4        3        0.979795897  1.216365e+02  7.000000e+02  8.090758e+01  2.600000e+02  0.173766  0.311183
0.2                    4        4        0.99995      1.599118e+02  7.000000e+02  3.604304e+00  2.600000e+02  0.228445  0.0138627
0.2                    4        4        0.9949874    1.567271e+02  7.000000e+02  2.121392e+01  2.600000e+02  0.223896  0.081592
0.2                    4        4        0.979795897  1.548960e+02  7.000000e+02  9.866080e+01  2.600000e+02  0.22128   0.379465
0.2                    4        5        0.99995      2.101291e+02  7.000000e+02  5.782788e+00  2.600000e+02  0.300184  0.0222415
0.2                    4        5        0.9949874    2.025019e+02  7.000000e+02  2.504300e+01  2.600000e+02  0.289288  0.0963192
0.2                    4        5        0.979795897  1.966022e+02  7.000000e+02  1.169682e+02  2.600000e+02  0.28086   0.449878
0.2                    4        6        0.99995      2.719459e+02  7.000000e+02  8.444392e+00  2.600000e+02  0.388494  0.0324784
0.2                    4        6        0.9949874    2.574501e+02  7.000000e+02  2.927624e+01  2.600000e+02  0.367786  0.112601
0.2                    4        6        0.979795897  2.451522e+02  7.000000e+02  1.358281e+02  2.600000e+02  0.350217  0.522416
0.2                    4        8        0.99995      4.294102e+02  7.000000e+02  1.520214e+01  2.600000e+02  0.613443  0.0584698
0.2                    4        8        0.9949874    3.920458e+02  7.000000e+02  3.887802e+01  2.600000e+02  0.560065  0.149531
0.2                    4        8        0.979795897  3.583189e+02  7.000000e+02  1.747782e+02  2.600000e+02  0.511884  0.672224
0.2                    6        1        0.99995      1.058453e+02  7.000000e+02  1.645336e-01  2.600000e+02  0.151208  0.000632822
0.2                    6        1        0.9949874    1.060205e+02  7.000000e+02  8.002839e+00  2.600000e+02  0.151458  0.0307801
0.2                    6        1        0.979795897  1.069671e+02  7.000000e+02  2.933005e+01  2.600000e+02  0.15281   0.112808
0.2                    6        2        0.99995      8.850017e+01  7.000000e+02  5.043439e-01  2.600000e+02  0.126429  0.00193978
0.2                    6        2        0.9949874    8.875566e+01  7.000000e+02  9.824657e+00  2.600000e+02  0.126794  0.0377871
0.2                    6        2        0.979795897  8.975999e+01  7.000000e+02  4.196742e+01  2.600000e+02  0.128229  0.161413
0.2                    6        3        0.99995      1.014892e+02  7.000000e+02  1.264732e+00  2.600000e+02  0.144985  0.00486435
0.2                    6        3        0.9949874    1.008972e+02  7.000000e+02  1.175939e+01  2.600000e+02  0.144139  0.0452284
0.2                    6        3        0.979795897  1.012395e+02  7.000000e+02  5.305378e+01  2.600000e+02  0.144628  0.204053
0.2                    6        4        0.99995      1.253555e+02  7.000000e+02  2.353312e+00  2.600000e+02  0.179079  0.0090512
0.2                    6        4        0.9949874    1.227312e+02  7.000000e+02  1.392333e+01  2.600000e+02  0.17533   0.0535513
0.2                    6        4        0.979795897  1.212828e+02  7.000000e+02  6.408529e+01  2.600000e+02  0.173261  0.246482
0.2                    6        5        0.99995      1.574394e+02  7.000000e+02  3.756888e+00  2.600000e+02  0.224913  0.0144496
0.2                    6        5        0.9949874    1.512247e+02  7.000000e+02  1.632998e+01  2.600000e+02  0.216035  0.0628076
0.2                    6        5        0.979795897  1.464984e+02  7.000000e+02  7.526690e+01  2.600000e+02  0.209283  0.289488
0.2                    6        6        0.99995      1.970963e+02  7.000000e+02  5.470697e+00  2.600000e+02  0.281566  0.0210411
0.2                    6        6        0.9949874    1.853611e+02  7.000000e+02  1.897050e+01  2.600000e+02  0.264802  0.0729635
0.2                    6        6        0.979795897  1.755360e+02  7.000000e+02  8.657781e+01  2.600000e+02  0.250766  0.332992
0.2                    6        8        0.99995      2.982442e+02  7.000000e+02  9.817836e+00  2.600000e+02  0.426063  0.0377609
0.2                    6        8        0.9949874    2.682292e+02  7.000000e+02  2.488865e+01  2.600000e+02  0.383185  0.0957256
0.2                    6        8        0.979795897  2.415407e+02  7.000000e+02  1.092413e+02  2.600000e+02  0.345058  0.420159
0.2                    8        1        0.99995      1.017843e+02  7.000000e+02  1.323034e-01  2.600000e+02  0.145406  0.000508859
0.2                    8        1        0.9949874    1.019497e+02  7.000000e+02  4.867121e+00  2.600000e+02  0.145642  0.0187197
0.2                    8        1        0.979795897  1.028705e+02  7.000000e+02  1.782238e+01  2.600000e+02  0.146958  0.0685476
0.2                    8        2        0.99995      8.083053e+01  7.000000e+02  3.224256e-01  2.600000e+02  0.115472  0.0012401
0.2                    8        2        0.9949874    8.106380e+01  7.000000e+02  5.897759e+00  2.600000e+02  0.115805  0.0226837
0.2                    8        2        0.979795897  8.197323e+01  7.000000e+02  2.498611e+01  2.600000e+02  0.117105  0.0961004
0.2                    8        3        0.99995      8.630962e+01  7.000000e+02  7.551950e-01  2.600000e+02  0.123299  0.0029046
0.2                    8        3        0.9949874    8.587694e+01  7.000000e+02  6.979331e+00  2.600000e+02  0.122681  0.0268436
0.2                    8        3        0.979795897  8.625609e+01  7.000000e+02  3.107921e+01  2.600000e+02  0.123223  0.119535
0.2                    8        4        0.99995      9.902613e+01  7.000000e+02  1.374832e+00  2.600000e+02  0.141466  0.00528782
0.2                    8        4        0.9949874    9.704720e+01  7.000000e+02  8.173831e+00  2.600000e+02  0.138639  0.0314378
0.2                    8        4        0.979795897  9.608471e+01  7.000000e+02  3.696558e+01  2.600000e+02  0.137264  0.142175
0.2                    8        5        0.99995      1.169464e+02  7.000000e+02  2.173119e+00  2.600000e+02  0.167066  0.00835815
0.2                    8        5        0.9949874    1.122566e+02  7.000000e+02  9.485367e+00  2.600000e+02  0.160367  0.0364822
0.2                    8        5        0.979795897  1.088466e+02  7.000000e+02  4.274808e+01  2.600000e+02  0.155495  0.164416
0.2                    8        6        0.99995      1.393015e+02  7.000000e+02  3.146896e+00  2.600000e+02  0.199002  0.0121034
0.2                    8        6        0.9949874    1.304675e+02  7.000000e+02  1.090549e+01  2.600000e+02  0.186382  0.0419442
0.2                    8        6        0.979795897  1.233010e+02  7.000000e+02  4.840012e+01  2.600000e+02  0.176144  0.186154
0.2                    8        8        0.99995      1.965061e+02  7.000000e+02  5.613008e+00  2.600000e+02  0.280723  0.0215885
0.2                    8        8        0.9949874    1.740407e+02  7.000000e+02  1.402205e+01  2.600000e+02  0.24863   0.053931
0.2                    8        8        0.979795897  1.546724e+02  7.000000e+02  5.906822e+01  2.600000e+02  0.220961  0.227185
0.3                    2        1        0.99995      1.489805e+02  7.000000e+02  3.436813e-01  2.600000e+02  0.212829  0.00132185
0.3                    2        1        0.9949874    1.491348e+02  7.000000e+02  1.679995e+01  2.600000e+02  0.21305   0.0646152
0.3                    2        1        0.979795897  1.496297e+02  7.000000e+02  6.133355e+01  2.600000e+02  0.213757  0.235898
0.3                    2        2        0.99995      1.544062e+02  7.000000e+02  4.234768e+00  2.600000e+02  0.22058   0.0162876
0.3                    2        2        0.9949874    1.549191e+02  7.000000e+02  2.313133e+01  2.600000e+02  0.221313  0.0889667
0.3                    2        2        0.979795897  1.565598e+02  7.000000e+02  9.080963e+01  2.600000e+02  0.223657  0.349268
0.3                    2        3        0.99995      2.347394e+02  7.000000e+02  1.278602e+01  2.600000e+02  0.335342  0.049177
0.3                    2        3        0.9949874    2.328210e+02  7.000000e+02  3.346033e+01  2.600000e+02  0.332601  0.128694
0.3                    2        3        0.979795897  2.327067e+02  7.000000e+02  1.212304e+02  2.600000e+02  0.332438  0.466271
0.3                    2        4        0.99995      3.541546e+02  7.000000e+02  2.502907e+01  2.600000e+02  0.505935  0.0962657
0.3                    2        4        0.9949874    3.460118e+02  7.000000e+02  4.705270e+01  2.600000e+02  0.494303  0.180972
0.3                    2        4        0.979795897  3.404893e+02  7.000000e+02  1.546350e+02  2.600000e+02  0.486413  0.59475
0.3                    2        5        0.99995      5.093106e+02  7.000000e+02  4.083035e+01  2.600000e+02  0.727587  0.15704
0.3                    2        5        0.9949874    4.899335e+02  7.000000e+02  6.372022e+01  2.600000e+02  0.699905  0.245078
0.3                    2        5        0.979795897  4.741323e+02  7.000000e+02  1.911939e+02  2.600000e+02  0.677332  0.735361
0.3                    2        6        0.99995      6.992728e+02  7.000000e+02  6.014539e+01  2.600000e+02  0.998961  0.231328
0.3                    2        6        0.9949874    6.624315e+02  7.000000e+02  8.331422e+01  2.600000e+02  0.946331  0.320439
0.3                    2        6        0.979795897  6.303042e+02  7.000000e+02  2.306959e+02  2.600000e+02  0.900435  0.887292
0.3                    2        8        0.99995      1.182108e+03  7.000000e+02  1.092220e+02  2.600000e+02  1.68873   0.420085
0.3                    2        8        0.9949874    1.086832e+03  7.000000e+02  1.307150e+02  2.600000e+02  1.55262   0.50275
0.3                    2        8        0.979795897  9.994676e+02  7.000000e+02  3.172124e+02  2.600000e+02  1.42781   1.22005
0.3                    3        1        0.99995      1.324518e+02  7.000000e+02  3.182938e-01  2.600000e+02  0.189217  0.00122421
0.3                    3        1        0.9949874    1.325981e+02  7.000000e+02  1.433185e+01  2.600000e+02  0.189426  0.0551225
0.3                    3        1        0.979795897  1.334559e+02  7.000000e+02  5.229650e+01  2.600000e+02  0.190651  0.20114
0.3                    3        2        0.99995      1.390588e+02  7.000000e+02  3.595054e+00  2.600000e+02  0.198655  0.0138271
0.3                    3        2        0.9949874    1.394723e+02  7.000000e+02  1.965758e+01  2.600000e+02  0.199246  0.0756061
0.3                    3        2        0.979795897  1.409579e+02  7.000000e+02  7.710257e+01  2.600000e+02  0.201368  0.296548
0.3                    3        3        0.99995      2.060178e+02  7.000000e+02  1.079783e+01  2.600000e+02  0.294311  0.0415301
0.3                    3        3        0.9949874    2.041327e+02  7.000000e+02  2.832808e+01  2.600000e+02  0.291618  0.108954
0.3                    3        3        0.979795897  2.039213e+02  7.000000e+02  1.025684e+02  2.600000e+02  0.291316  0.394494
0.3                    3        4        0.99995      3.063372e+02  7.000000e+02  2.110845e+01  2.600000e+02  0.437625  0.0811863
0.3                    3        4        0.9949874    2.986785e+02  7.000000e+02  3.971323e+01  2.600000e+02  0.426684  0.152743
0.3                    3        4        0.979795897  2.934268e+02  7.000000e+02  1.303981e+02  2.600000e+02  0.419181  0.501531
0.3                    3        5        0.99995      4.368638e+02  7.000000e+02  3.441314e+01  2.600000e+02  0.624091  0.132358
0.3                    3        5        0.9949874    4.188431e+02  7.000000e+02  5.364403e+01  2.600000e+02  0.598347  0.206323
0.3                    3        5        0.979795897  4.041027e+02  7.000000e+02  1.607093e+02  2.600000e+02  0.57729   0.618113
0.3                    3        6        0.99995      5.967185e+02  7.000000e+02  5.067326e+01  2.600000e+02  0.852455  0.194897
0.3                    3        6        0.9949874    5.626336e+02  7.000000e+02  6.998508e+01  2.600000e+02  0.803762  0.269173
0.3                    3        6        0.979795897  5.328955e+02  7.000000e+02  1.932976e+02  2.600000e+02  0.761279  0.743452
0.3                    3        8        0.99995      1.003004e+03  7.000000e+02  9.197554e+01  2.600000e+02  1.43286   0.353752
0.3                    3        8        0.9949874    9.152984e+02  7.000000e+02  1.093816e+02  2.600000e+02  1.30757   0.420698
0.3                    3        8        0.979795897  8.350644e+02  7.000000e+02  2.641000e+02  2.600000e+02  1.19295   1.01577
0.3                    4        1        0.99995      1.237421e+02  7.000000e+02  2.949538e-01  2.600000e+02  0.176774  0.00113444
0.3                    4        1        0.9949874    1.239098e+02  7.000000e+02  1.206251e+01  2.600000e+02  0.177014  0.0463943
0.3                    4        1        0.979795897  1.248230e+02  7.000000e+02  4.398381e+01  2.600000e+02  0.178319  0.169168
0.3                    4        2        0.99995      1.253117e+02  7.000000e+02  3.010007e+00  2.600000e+02  0.179017  0.0115769
0.3                    4        2        0.9949874    1.256422e+02  7.000000e+02  1.646924e+01  2.600000e+02  0.179489  0.0633432
0.3                    4        2        0.979795897  1.269891e+02  7.000000e+02  6.452109e+01  2.600000e+02  0.181413  0.248158
0.3                    4        3        0.99995      1.800435e+02  7.000000e+02  8.979919e+00  2.600000e+02  0.257205  0.0345382
0.3                    4        3        0.9949874    1.782226e+02  7.000000e+02  2.362610e+01  2.600000e+02  0.254604  0.0908696
0.3                    4        3        0.979795897  1.779495e+02  7.000000e+02  8.547060e+01  2.600000e+02  0.254214  0.328733
0.3                    4        4        0.99995      2.629063e+02  7.000000e+02  1.752399e+01  2.600000e+02  0.37558   0.0674
0.3                    4        4        0.9949874    2.557772e+02  7.000000e+02  3.299927e+01  2.600000e+02  0.365396  0.12692
0.3                    4        4        0.979795897  2.508511e+02  7.000000e+02  1.082317e+02  2.600000e+02  0.358359  0.416276
0.3                    4        5        0.99995      3.709202e+02  7.000000e+02  2.854662e+01  2.600000e+02  0.529886  0.109795
0.3                    4        5        0.9949874    3.543159e+02  7.000000e+02  4.443836e+01  2.600000e+02  0.506166  0.170917
0.3                    4        5        0.979795897  3.407124e+02  7.000000e+02  1.328769e+02  2.600000e+02  0.486732  0.511065
0.3                    4        6        0.99995      5.032579e+02  7.000000e+02  4.201464e+01  2.600000e+02  0.71894   0.161595
0.3                    4        6        0.9949874    4.720043e+02  7.000000e+02  5.782120e+01  2.600000e+02  0.674292  0.222389
0.3                    4        6        0.979795897  4.447546e+02  7.000000e+02  1.592118e+02  2.600000e+02  0.635364  0.612353
0.3                    4        8        0.99995      8.395911e+02  7.000000e+02  7.621254e+01  2.600000e+02  1.19942   0.293125
0.3                    4        8        0.9949874    7.595630e+02  7.000000e+02  8.995203e+01  2.600000e+02  1.08509   0.345969
0.3                    4        8        0.979795897  6.866093e+02  7.000000e+02  2.158597e+02  2.600000e+02  0.98087   0.83023
0.3                    6        1        0.99995      1.094054e+02  7.000000e+02  2.544165e-01  2.600000e+02  0.156293  0.000978525
0.3                    6        1        0.9949874    1.095994e+02  7.000000e+02  8.120067e+00  2.600000e+02  0.156571  0.031231
0.3                    6        1        0.979795897  1.105896e+02  7.000000e+02  2.953151e+01  2.600000e+02  0.157985  0.113583
0.3                    6        2        0.99995      1.033461e+02  7.000000e+02  2.003913e+00  2.600000e+02  0.147637  0.00770736
0.3                    6        2        0.9949874    1.038164e+02  7.000000e+02  1.094877e+01  2.600000e+02  0.148309  0.0421107
0.3                    6        2        0.979795897  1.051384e+02  7.000000e+02  4.273488e+01  2.600000e+02  0.150198  0.164365
0.3                    6        3        0.99995      1.363365e+02  7.000000e+02  5.854934e+00  2.600000e+02  0.194766  0.022519
0.3                    6        3        0.9949874    1.347370e+02  7.000000e+02  1.551300e+01  2.600000e+02  0.192481  0.0596654
0.3                    6        3        0.979795897  1.344464e+02  7.000000e+02  5.596734e+01  2.600000e+02  0.192066  0.215259
0.3                    6        4        0.99995      1.892043e+02  7.000000e+02  1.136350e+01  2.600000e+02  0.270292  0.0437058
0.3                    6        4        0.9949874    1.832703e+02  7.000000e+02  2.144788e+01  2.600000e+02  0.261815  0.0824918
0.3                    6        4        0.979795897  1.791606e+02  7.000000e+02  7.011048e+01  2.600000e+02  0.255944  0.269656
0.3                    6        5        0.99995      2.585430e+02  7.000000e+02  1.846563e+01  2.600000e+02  0.369347  0.0710217
0.3                    6        5        0.9949874    2.449512e+02  7.000000e+02  2.863857e+01  2.600000e+02  0.34993   0.110148
0.3                    6        5        0.979795897  2.338503e+02  7.000000e+02  8.516934e+01  2.600000e+02  0.334072  0.327574
0.3                    6        6        0.99995      3.436178e+02  7.000000e+02  2.713790e+01  2.600000e+02  0.490883  0.104377
0.3                    6        6        0.9949874    3.182519e+02  7.000000e+02  3.698918e+01  2.600000e+02  0.454646  0.142266
0.3                    6        6        0.979795897  2.962761e+02  7.000000e+02  1.009777e+02  2.600000e+02  0.423252  0.388376
0.3                    6        8        0.99995      5.598386e+02  7.000000e+02  4.913700e+01  2.600000e+02  0.799769  0.188988
0.3                    6        8        0.9949874    4.954854e+02  7.000000e+02  5.680475e+01  2.600000e+02  0.707836  0.21848
0.3                    6        8        0.979795897  4.375432e+02  7.000000e+02  1.339954e+02  2.600000e+02  0.625062  0.515367
0.3                    8        1        0.99995      1.007032e+02  7.000000e+02  2.220693e-01  2.600000e+02  0.143862  0.000854113
0.3                    8        1        0.9949874    1.008946e+02  7.000000e+02  4.972631e+00  2.600000e+02  0.144135  0.0191255
0.3                    8        1        0.979795897  1.018309e+02  7.000000e+02  1.797665e+01  2.600000e+02  0.145473  0.069141
0.3                    8        2        0.99995      8.650444e+01  7.000000e+02  1.216487e+00  2.600000e+02  0.123578  0.0046788
0.3                    8        2        0.9949874    8.666331e+01  7.000000e+02  6.569916e+00  2.600000e+02  0.123805  0.0252689
0.3                    8        2        0.979795897  8.762186e+01  7.000000e+02  2.545099e+01  2.600000e+02  0.125174  0.0978884
0.3                    8        3        0.99995      1.036185e+02  7.000000e+02  3.411066e+00  2.600000e+02  0.148026  0.0131195
0.3                    8        3        0.9949874    1.023644e+02  7.000000e+02  9.121013e+00  2.600000e+02  0.146235  0.0350808
0.3                    8        3        0.979795897  1.021974e+02  7.000000e+02  3.272066e+01  2.600000e+02  0.145996  0.125849
0.3                    8        4        0.99995      1.330486e+02  7.000000e+02  6.547599e+00  2.600000e+02  0.190069  0.0251831
0.3                    8        4        0.9949874    1.284911e+02  7.000000e+02  1.239853e+01  2.600000e+02  0.183559  0.0476867
0.3                    8        4        0.979795897  1.254177e+02  7.000000e+02  4.027120e+01  2.600000e+02  0.179168  0.154889
0.3                    8        5        0.99995      1.721789e+02  7.000000e+02  1.058740e+01  2.600000e+02  0.24597   0.0407208
0.3                    8        5        0.9949874    1.618396e+02  7.000000e+02  1.632086e+01  2.600000e+02  0.231199  0.0627725
0.3                    8        5        0.979795897  1.535460e+02  7.000000e+02  4.807111e+01  2.600000e+02  0.219351  0.184889
0.3                    8        6        0.99995      2.203523e+02  7.000000e+02  1.551517e+01  2.600000e+02  0.314789  0.0596737
0.3                    8        6        0.9949874    2.011742e+02  7.000000e+02  2.081815e+01  2.600000e+02  0.287392  0.0800698
0.3                    8        6        0.979795897  1.848688e+02  7.000000e+02  5.599350e+01  2.600000e+02  0.264098  0.21536
0.3                    8        8        0.99995      3.428504e+02  7.000000e+02  2.799539e+01  2.600000e+02  0.489786  0.107675
0.3                    8        8        0.9949874    2.945991e+02  7.000000e+02  3.127318e+01  2.600000e+02  0.420856  0.120281
0.3                    8        8        0.979795897  2.522694e+02  7.000000e+02  7.161947e+01  2.600000e+02  0.360385  0.27546
0.5                    2        1        0.99995      3.095504e+02  7.000000e+02  6.355056e-01  2.600000e+02  0.442215  0.00244425
0.5                    2        1        0.9949874    3.081448e+02  7.000000e+02  1.759602e+01  2.600000e+02  0.440207  0.067677
0.5                    2        1        0.979795897  3.038309e+02  7.000000e+02  6.367435e+01  2.600000e+02  0.434044  0.244901
0.5                    2        2        0.99995      2.540681e+02  7.000000e+02  3.069491e+01  2.600000e+02  0.362954  0.118057
0.5                    2        2        0.9949874    2.548475e+02  7.000000e+02  4.287792e+01  2.600000e+02  0.364068  0.164915
0.5                    2        2        0.979795897  2.574074e+02  7.000000e+02  1.040667e+02  2.600000e+02  0.367725  0.400257
0.5                    2        3        0.99995      4.445632e+02  7.000000e+02  9.666939e+01  2.600000e+02  0.63509   0.371805
0.5                    2        3        0.9949874    4.397764e+02  7.000000e+02  1.030433e+02  2.600000e+02  0.628252  0.39632
0.5                    2        3        0.979795897  4.383184e+02  7.000000e+02  1.759374e+02  2.600000e+02  0.626169  0.676682
0.5                    2        4        0.99995      7.202535e+02  7.000000e+02  1.911242e+02  2.600000e+02  1.02893   0.735093
0.5                    2        4        0.9949874    7.012166e+02  7.000000e+02  1.889303e+02  2.600000e+02  1.00174   0.726655
0.5                    2        4        0.979795897  6.873773e+02  7.000000e+02  2.708814e+02  2.600000e+02  0.981968  1.04185
0.5                    2        5        0.99995      1.076530e+03  7.000000e+02  3.130328e+02  2.600000e+02  1.5379    1.20397
0.5                    2        5        0.9949874    1.031774e+03  7.000000e+02  2.984018e+02  2.600000e+02  1.47396   1.1477
0.5                    2        5        0.979795897  9.944029e+02  7.000000e+02  3.861040e+02  2.600000e+02  1.42058   1.48502
0.5                    2        6        0.99995      1.512005e+03  7.000000e+02  4.620531e+02  2.600000e+02  2.16001   1.77713
0.5                    2        6        0.9949874    1.427266e+03  7.000000e+02  4.301076e+02  2.600000e+02  2.03895   1.65426
0.5                    2        6        0.979795897  1.352518e+03  7.000000e+02  5.193661e+02  2.600000e+02  1.93217   1.99756
0.5                    2        8        0.99995      2.617973e+03  7.000000e+02  8.406992e+02  2.600000e+02  3.73996   3.23346
0.5                    2        8        0.9949874    2.399454e+03  7.000000e+02  7.556460e+02  2.600000e+02  3.42779   2.90633
0.5                    2        8        0.979795897  2.198249e+03  7.000000e+02  8.317570e+02  2.600000e+02  3.14036   3.19907
0.5                    3        1        0.99995      2.480779e+02  7.000000e+02  6.093387e-01  2.600000e+02  0.354397  0.00234361
0.5                    3        1        0.9949874    2.473147e+02  7.000000e+02  1.504987e+01  2.600000e+02  0.353307  0.0578841
0.5                    3        1        0.979795897  2.449584e+02  7.000000e+02  5.432373e+01  2.600000e+02  0.349941  0.208937
0.5                    3        2        0.99995      2.189320e+02  7.000000e+02  2.593221e+01  2.600000e+02  0.31276   0.0997393
0.5                    3        2        0.9949874    2.194839e+02  7.000000e+02  3.630083e+01  2.600000e+02  0.313548  0.139619
0.5                    3        2        0.979795897  2.216886e+02  7.000000e+02  8.826321e+01  2.600000e+02  0.316698  0.339474
0.5                    3        3        0.99995      3.788086e+02  7.000000e+02  8.150464e+01  2.600000e+02  0.541155  0.313479
0.5                    3        3        0.9949874    3.740980e+02  7.000000e+02  8.679865e+01  2.600000e+02  0.534426  0.333841
0.5                    3        3        0.979795897  3.724179e+02  7.000000e+02  1.483993e+02  2.600000e+02  0.532026  0.570767
0.5                    3        4        0.99995      6.107813e+02  7.000000e+02  1.610514e+02  2.600000e+02  0.872545  0.619428
0.5                    3        4        0.9949874    5.928530e+02  7.000000e+02  1.587346e+02  2.600000e+02  0.846933  0.610518
0.5                    3        4        0.979795897  5.796334e+02  7.000000e+02  2.274854e+02  2.600000e+02  0.828048  0.874944
0.5                    3        5        0.99995      9.106722e+02  7.000000e+02  2.636988e+02  2.600000e+02  1.30096   1.01423
0.5                    3        5        0.9949874    8.690213e+02  7.000000e+02  2.502295e+02  2.600000e+02  1.24146   0.962421
0.5                    3        5        0.979795897  8.340785e+02  7.000000e+02  3.230212e+02  2.600000e+02  1.19154   1.24239
0.5                    3        6        0.99995      1.277219e+03  7.000000e+02  3.891498e+02  2.600000e+02  1.8246    1.49673
0.5                    3        6        0.9949874    1.198791e+03  7.000000e+02  3.600702e+02  2.600000e+02  1.71256   1.38489
0.5                    3        6        0.979795897  1.129513e+03  7.000000e+02  4.329844e+02  2.600000e+02  1.61359   1.66532
0.5                    3        8        0.99995      2.207936e+03  7.000000e+02  7.078138e+02  2.600000e+02  3.15419   2.72236
0.5                    3        8        0.9949874    2.006750e+03  7.000000e+02  6.306425e+02  2.600000e+02  2.86679   2.42555
0.5                    3        8        0.979795897  1.821868e+03  7.000000e+02  6.887453e+02  2.600000e+02  2.60267   2.64902
0.5                    4        1        0.99995      1.996616e+02  7.000000e+02  5.852838e-01  2.600000e+02  0.285231  0.00225109
0.5                    4        1        0.9949874    1.993545e+02  7.000000e+02  1.270891e+01  2.600000e+02  0.284792  0.0488804
0.5                    4        1        0.979795897  1.983735e+02  7.000000e+02  4.572328e+01  2.600000e+02  0.283391  0.175859
0.5                    4        2        0.99995      1.874597e+02  7.000000e+02  2.157732e+01  2.600000e+02  0.2678    0.0829897
0.5                    4        2        0.9949874    1.878216e+02  7.000000e+02  3.027849e+01  2.600000e+02  0.268317  0.116456
0.5                    4        2        0.979795897  1.897089e+02  7.000000e+02  7.376981e+01  2.600000e+02  0.271013  0.28373
0.5                    4        3        0.99995      3.193436e+02  7.000000e+02  6.763953e+01  2.600000e+02  0.456205  0.260152
0.5                    4        3        0.9949874    3.147800e+02  7.000000e+02  7.195477e+01  2.600000e+02  0.449686  0.276749
0.5                    4        3        0.979795897  3.129586e+02  7.000000e+02  1.232148e+02  2.600000e+02  0.447084  0.473903
0.5                    4        4        0.99995      5.113517e+02  7.000000e+02  1.335579e+02  2.600000e+02  0.730502  0.513684
0.5                    4        4        0.9949874    4.946356e+02  7.000000e+02  1.311749e+02  2.600000e+02  0.706622  0.504519
0.5                    4        4        0.979795897  4.821617e+02  7.000000e+02  1.878885e+02  2.600000e+02  0.688802  0.722648
0.5                    4        5        0.99995      7.597025e+02  7.000000e+02  2.185992e+02  2.600000e+02  1.08529   0.840766
0.5                    4        5        0.9949874    7.212942e+02  7.000000e+02  2.063040e+02  2.600000e+02  1.03042   0.793477
0.5                    4        5        0.979795897  6.889544e+02  7.000000e+02  2.655764e+02  2.600000e+02  0.984221  1.02145
0.5                    4        6        0.99995      1.063253e+03  7.000000e+02  3.225087e+02  2.600000e+02  1.51893   1.24042
0.5                    4        6        0.9949874    9.913067e+02  7.000000e+02  2.962620e+02  2.600000e+02  1.41615   1.13947
0.5                    4        6        0.979795897  9.277254e+02  7.000000e+02  3.544709e+02  2.600000e+02  1.32532   1.36335
0.5                    4        8        0.99995      1.833822e+03  7.000000e+02  5.863596e+02  2.600000e+02  2.61975   2.25523
0.5                    4        8        0.9949874    1.650213e+03  7.000000e+02  5.169436e+02  2.600000e+02  2.35745   1.98824
0.5                    4        8        0.979795897  1.481998e+03  7.000000e+02  5.592358e+02  2.600000e+02  2.11714   2.15091
0.5                    6        1        0.99995      1.342238e+02  7.000000e+02  5.435100e-01  2.600000e+02  0.191748  0.00209042
0.5                    6        1        0.9949874    1.342763e+02  7.000000e+02  8.642603e+00  2.600000e+02  0.191823  0.0332408
0.5                    6        1        0.979795897  1.347290e+02  7.000000e+02  3.077286e+01  2.600000e+02  0.19247   0.118357
0.5                    6        2        0.99995      1.355064e+02  7.000000e+02  1.409100e+01  2.600000e+02  0.193581  0.0541962
0.5                    6        2        0.9949874    1.356005e+02  7.000000e+02  1.989812e+01  2.600000e+02  0.193715  0.0765312
0.5                    6        2        0.979795897  1.369666e+02  7.000000e+02  4.871325e+01  2.600000e+02  0.195667  0.187359
0.5                    6        3        0.99995      2.192819e+02  7.000000e+02  4.380824e+01  2.600000e+02  0.31326   0.168493
0.5                    6        3        0.9949874    2.152253e+02  7.000000e+02  4.646923e+01  2.600000e+02  0.307465  0.178728
0.5                    6        3        0.979795897  2.133636e+02  7.000000e+02  7.990694e+01  2.600000e+02  0.304805  0.307334
0.5                    6        4        0.99995      3.426200e+02  7.000000e+02  8.630866e+01  2.600000e+02  0.489457  0.331956
0.5                    6        4        0.9949874    3.286400e+02  7.000000e+02  8.396399e+01  2.600000e+02  0.469486  0.322938
0.5                    6        4        0.979795897  3.180350e+02  7.000000e+02  1.200920e+02  2.600000e+02  0.454336  0.461892
0.5                    6        5        0.99995      5.024286e+02  7.000000e+02  1.411034e+02  2.600000e+02  0.717755  0.542705
0.5                    6        5        0.9949874    4.709172e+02  7.000000e+02  1.311935e+02  2.600000e+02  0.672739  0.50459
0.5                    6        5        0.979795897  4.443068e+02  7.000000e+02  1.676005e+02  2.600000e+02  0.634724  0.644617
0.5                    6        6        0.99995      6.977762e+02  7.000000e+02  2.080126e+02  2.600000e+02  0.996823  0.800048
0.5                    6        6        0.9949874    6.393093e+02  7.000000e+02  1.873331e+02  2.600000e+02  0.913299  0.720512
0.5                    6        6        0.979795897  5.878022e+02  7.000000e+02  2.210487e+02  2.600000e+02  0.839717  0.850187
0.5                    6        8        0.99995      1.193363e+03  7.000000e+02  3.777450e+02  2.600000e+02  1.7048    1.45287
0.5                    6        8        0.9949874    1.045640e+03  7.000000e+02  3.234593e+02  2.600000e+02  1.49377   1.24407
0.5                    6        8        0.979795897  9.117918e+02  7.000000e+02  3.407232e+02  2.600000e+02  1.30256   1.31047
0.5                    8        1        0.99995      9.929290e+01  7.000000e+02  5.101843e-01  2.600000e+02  0.141847  0.00196225
0.5                    8        1        0.9949874    9.947863e+01  7.000000e+02  5.397097e+00  2.600000e+02  0.142112  0.0207581
0.5                    8        1        0.979795897  1.003676e+02  7.000000e+02  1.882307e+01  2.600000e+02  0.143382  0.0723964
0.5                    8        2        0.99995      9.820825e+01  7.000000e+02  8.235939e+00  2.600000e+02  0.140298  0.0316767
0.5                    8        2        0.9949874    9.818410e+01  7.000000e+02  1.173678e+01  2.600000e+02  0.140263  0.0451415
0.5                    8        2        0.979795897  9.918066e+01  7.000000e+02  2.889702e+01  2.600000e+02  0.141687  0.111142
0.5                    8        3        0.99995      1.443781e+02  7.000000e+02  2.517550e+01  2.600000e+02  0.206254  0.0968288
0.5                    8        3        0.9949874    1.411122e+02  7.000000e+02  2.658668e+01  2.600000e+02  0.201589  0.102256
0.5                    8        3        0.979795897  1.395333e+02  7.000000e+02  4.601366e+01  2.600000e+02  0.199333  0.176976
0.5                    8        4        0.99995      2.140584e+02  7.000000e+02  4.937652e+01  2.600000e+02  0.305798  0.18991
0.5                    8        4        0.9949874    2.032298e+02  7.000000e+02  4.729744e+01  2.600000e+02  0.290328  0.181913
0.5                    8        4        0.979795897  1.949972e+02  7.000000e+02  6.749196e+01  2.600000e+02  0.278567  0.259584
0.5                    8        5        0.99995      3.047087e+02  7.000000e+02  8.054527e+01  2.600000e+02  0.435298  0.309789
0.5                    8        5        0.9949874    2.806433e+02  7.000000e+02  7.307010e+01  2.600000e+02  0.400919  0.281039
0.5                    8        5        0.979795897  2.604599e+02  7.000000e+02  9.217610e+01  2.600000e+02  0.372086  0.354523
0.5                    8        6        0.99995      4.155750e+02  7.000000e+02  1.185649e+02  2.600000e+02  0.593679  0.456019
0.5                    8        6        0.9949874    3.712742e+02  7.000000e+02  1.033210e+02  2.600000e+02  0.530392  0.397388
0.5                    8        6        0.979795897  3.327487e+02  7.000000e+02  1.190996e+02  2.600000e+02  0.475355  0.458075
0.5                    8        8        0.99995      6.965953e+02  7.000000e+02  2.148556e+02  2.600000e+02  0.995136  0.826368
0.5                    8        8        0.9949874    5.857351e+02  7.000000e+02  1.751932e+02  2.600000e+02  0.836764  0.67382
0.5                    8        8        0.979795897  4.876301e+02  7.000000e+02  1.762191e+02  2.600000e+02  0.696614  0.677766
.70710678118654752440  2        1        0.99995      1.986928e+02  7.000000e+02  1.101106e+00  2.600000e+02  0.283847  0.00423502
.70710678118654752440  2        1        0.9949874    1.990780e+02  7.000000e+02  1.980496e+01  2.600000e+02  0.284397  0.0761729
.70710678118654752440  2        1        0.979795897  2.002414e+02  7.000000e+02  7.122369e+01  2.600000e+02  0.286059  0.273937
.70710678118654752440  2        2        0.99995      3.056540e+02  7.000000e+02  1.213546e+02  2.600000e+02  0.436649  0.466748
.70710678118654752440  2        2        0.9949874    3.065450e+02  7.000000e+02  1.104034e+02  2.600000e+02  0.437921  0.424628
.70710678118654752440  2        2        0.979795897  3.095096e+02  7.000000e+02  1.492410e+02  2.600000e+02  0.442157  0.574004
.70710678118654752440  2        3        0.99995      5.621156e+02  7.000000e+02  3.852493e+02  2.600000e+02  0.803022  1.48173
.70710678118654752440  2        3        0.9949874    5.555853e+02  7.000000e+02  3.423393e+02  2.600000e+02  0.793693  1.31669
.70710678118654752440  2        3        0.979795897  5.531927e+02  7.000000e+02  3.639767e+02  2.600000e+02  0.790275  1.39991
.70710678118654752440  2        4        0.99995      9.305667e+02  7.000000e+02  7.630625e+02  2.600000e+02  1.32938   2.93486
.70710678118654752440  2        4        0.9949874    9.050361e+02  7.000000e+02  6.774037e+02  2.600000e+02  1.29291   2.6054
.70710678118654752440  2        4        0.979795897  8.861351e+02  7.000000e+02  6.710282e+02  2.600000e+02  1.26591   2.58088
.70710678118654752440  2        5        0.99995      1.406002e+03  7.000000e+02  1.250691e+03  2.600000e+02  2.00857   4.81035
.70710678118654752440  2        5        0.9949874    1.346179e+03  7.000000e+02  1.106742e+03  2.600000e+02  1.92311   4.2567
.70710678118654752440  2        5        0.979795897  1.295902e+03  7.000000e+02  1.057380e+03  2.600000e+02  1.85129   4.06685
.70710678118654752440  2        6        0.99995      1.986852e+03  7.000000e+02  1.846765e+03  2.600000e+02  2.83836   7.10294
.70710678118654752440  2        6        0.9949874    1.873719e+03  7.000000e+02  1.624863e+03  2.600000e+02  2.67674   6.24947
.70710678118654752440  2        6        0.979795897  1.773607e+03  7.000000e+02  1.513805e+03  2.600000e+02  2.53372   5.82233
.70710678118654752440  2        8        0.99995      3.461692e+03  7.000000e+02  3.361335e+03  2.600000e+02  4.94527   12.9282
.70710678118654752440  2        8        0.9949874    3.170186e+03  7.000000e+02  2.909056e+03  2.600000e+02  4.52884   11.1887
.70710678118654752440  2        8        0.979795897  2.901463e+03  7.000000e+02  2.604715e+03  2.600000e+02  4.14495   10.0181
.70710678118654752440  3        1        0.99995      1.707942e+02  7.000000e+02  1.072252e+00  2.600000e+02  0.243992  0.00412405
.70710678118654752440  3        1        0.9949874    1.711688e+02  7.000000e+02  1.698976e+01  2.600000e+02  0.244527  0.0653452
.70710678118654752440  3        1        0.979795897  1.723009e+02  7.000000e+02  6.079233e+01  2.600000e+02  0.246144  0.233817
.70710678118654752440  3        2        0.99995      2.588058e+02  7.000000e+02  1.023813e+02  2.600000e+02  0.369723  0.393774
.70710678118654752440  3        2        0.9949874    2.593937e+02  7.000000e+02  9.313009e+01  2.600000e+02  0.370562  0.358193
.70710678118654752440  3        2        0.979795897  2.618846e+02  7.000000e+02  1.262118e+02  2.600000e+02  0.374121  0.48543
.70710678118654752440  3        3        0.99995      4.744429e+02  7.000000e+02  3.246690e+02  2.600000e+02  0.677776  1.24873
.70710678118654752440  3        3        0.9949874    4.680141e+02  7.000000e+02  2.877938e+02  2.600000e+02  0.668592  1.1069
.70710678118654752440  3        3        0.979795897  4.653253e+02  7.000000e+02  3.058454e+02  2.600000e+02  0.66475   1.17633
.70710678118654752440  3        4        0.99995      7.846038e+02  7.000000e+02  6.428513e+02  2.600000e+02  1.12086   2.4725
.70710678118654752440  3        4        0.9949874    7.605512e+02  7.000000e+02  5.684296e+02  2.600000e+02  1.0865    2.18627
.70710678118654752440  3        4        0.979795897  7.424765e+02  7.000000e+02  5.615966e+02  2.600000e+02  1.06068   2.15999
.70710678118654752440  3        5        0.99995      1.184858e+03  7.000000e+02  1.053436e+03  2.600000e+02  1.69265   4.05168
.70710678118654752440  3        5        0.9949874    1.129176e+03  7.000000e+02  9.272641e+02  2.600000e+02  1.61311   3.5664
.70710678118654752440  3        5        0.979795897  1.082137e+03  7.000000e+02  8.819419e+02  2.600000e+02  1.54591   3.39208
.70710678118654752440  3        6        0.99995      1.673805e+03  7.000000e+02  1.555234e+03  2.600000e+02  2.39115   5.98167
.70710678118654752440  3        6        0.9949874    1.569086e+03  7.000000e+02  1.359369e+03  2.600000e+02  2.24155   5.22834
.70710678118654752440  3        6        0.979795897  1.476267e+03  7.000000e+02  1.258592e+03  2.600000e+02  2.10895   4.84074
.70710678118654752440  3        8        0.99995      2.914977e+03  7.000000e+02  2.829878e+03  2.600000e+02  4.16425   10.8841
.70710678118654752440  3        8        0.9949874    2.646580e+03  7.000000e+02  2.426734e+03  2.600000e+02  3.78083   9.33359
.70710678118654752440  3        8        0.979795897  2.399622e+03  7.000000e+02  2.151848e+03  2.600000e+02  3.42803   8.27634
.70710678118654752440  4        1        0.99995      1.461564e+02  7.000000e+02  1.045733e+00  2.600000e+02  0.208795  0.00402205
.70710678118654752440  4        1        0.9949874    1.465167e+02  7.000000e+02  1.440199e+01  2.600000e+02  0.20931   0.0553923
.70710678118654752440  4        1        0.979795897  1.476060e+02  7.000000e+02  5.120006e+01  2.600000e+02  0.210866  0.196923
.70710678118654752440  4        2        0.99995      2.168428e+02  7.000000e+02  8.503290e+01  2.600000e+02  0.309775  0.32705
.70710678118654752440  4        2        0.9949874    2.171772e+02  7.000000e+02  7.733987e+01  2.600000e+02  0.310253  0.297461
.70710678118654752440  4        2        0.979795897  2.192449e+02  7.000000e+02  1.051286e+02  2.600000e+02  0.313207  0.404341
.70710678118654752440  4        3        0.99995      3.951562e+02  7.000000e+02  2.692809e+02  2.600000e+02  0.564509  1.0357
.70710678118654752440  4        3        0.9949874    3.889234e+02  7.000000e+02  2.379939e+02  2.600000e+02  0.555605  0.915361
.70710678118654752440  4        3        0.979795897  3.860462e+02  7.000000e+02  2.527890e+02  2.600000e+02  0.551495  0.972265
.70710678118654752440  4        4        0.99995      6.520309e+02  7.000000e+02  5.329507e+02  2.600000e+02  0.931473  2.04981
.70710678118654752440  4        4        0.9949874    6.295948e+02  7.000000e+02  4.690214e+02  2.600000e+02  0.899421  1.80393
.70710678118654752440  4        4        0.979795897  6.125142e+02  7.000000e+02  4.619220e+02  2.600000e+02  0.87502   1.77662
.70710678118654752440  4        5        0.99995      9.835652e+02  7.000000e+02  8.731117e+02  2.600000e+02  1.40509   3.35812
.70710678118654752440  4        5        0.9949874    9.322061e+02  7.000000e+02  7.636701e+02  2.600000e+02  1.33172   2.93719
.70710678118654752440  4        5        0.979795897  8.886378e+02  7.000000e+02  7.224319e+02  2.600000e+02  1.26948   2.77858
.70710678118654752440  4        6        0.99995      1.388516e+03  7.000000e+02  1.288745e+03  2.600000e+02  1.98359   4.95671
.70710678118654752440  4        6        0.9949874    1.292440e+03  7.000000e+02  1.117559e+03  2.600000e+02  1.84634   4.2983
.70710678118654752440  4        6        0.979795897  1.207216e+03  7.000000e+02  1.026950e+03  2.600000e+02  1.72459   3.94981
.70710678118654752440  4        8        0.99995      2.416158e+03  7.000000e+02  2.344139e+03  2.600000e+02  3.45165   9.01592
.70710678118654752440  4        8        0.9949874    2.171197e+03  7.000000e+02  1.988117e+03  2.600000e+02  3.10171   7.6466
.70710678118654752440  4        8        0.979795897  1.946462e+03  7.000000e+02  1.742229e+03  2.600000e+02  2.78066   6.70088
.70710678118654752440  6        1        0.99995      2.035662e+02  7.000000e+02  9.996975e-01  2.600000e+02  0.290809  0.00384499
.70710678118654752440  6        1        0.9949874    2.029820e+02  7.000000e+02  9.908743e+00  2.600000e+02  0.289974  0.0381105
.70710678118654752440  6        1        0.979795897  2.010888e+02  7.000000e+02  3.453274e+01  2.600000e+02  0.28727   0.132818
.70710678118654752440  6        2        0.99995      1.475717e+02  7.000000e+02  5.521123e+01  2.600000e+02  0.210817  0.212351
.70710678118654752440  6        2        0.9949874    1.475490e+02  7.000000e+02  5.020889e+01  2.600000e+02  0.210784  0.193111
.70710678118654752440  6        2        0.979795897  1.489219e+02  7.000000e+02  6.880017e+01  2.600000e+02  0.212746  0.264616
.70710678118654752440  6        3        0.99995      2.617406e+02  7.000000e+02  1.740813e+02  2.600000e+02  0.373915  0.669543
.70710678118654752440  6        3        0.9949874    2.561838e+02  7.000000e+02  1.526310e+02  2.600000e+02  0.365977  0.587042
.70710678118654752440  6        3        0.979795897  2.532528e+02  7.000000e+02  1.619007e+02  2.600000e+02  0.36179   0.622695
.70710678118654752440  6        4        0.99995      4.270553e+02  7.000000e+02  3.440813e+02  2.600000e+02  0.610079  1.32339
.70710678118654752440  6        4        0.9949874    4.082673e+02  7.000000e+02  2.989029e+02  2.600000e+02  0.583239  1.14963
.70710678118654752440  6        4        0.979795897  3.936786e+02  7.000000e+02  2.918442e+02  2.600000e+02  0.562398  1.12248
.70710678118654752440  6        5        0.99995      6.405334e+02  7.000000e+02  5.632576e+02  2.600000e+02  0.915048  2.16638
.70710678118654752440  6        5        0.9949874    5.983701e+02  7.000000e+02  4.841337e+02  2.600000e+02  0.854814  1.86205
.70710678118654752440  6        5        0.979795897  5.624409e+02  7.000000e+02  4.511964e+02  2.600000e+02  0.803487  1.73537
.70710678118654752440  6        6        0.99995      9.012140e+02  7.000000e+02  8.308917e+02  2.600000e+02  1.28745   3.19574
.70710678118654752440  6        6        0.9949874    8.231101e+02  7.000000e+02  7.049873e+02  2.600000e+02  1.17587   2.71149
.70710678118654752440  6        6        0.979795897  7.539853e+02  7.000000e+02  6.343778e+02  2.600000e+02  1.07712   2.43991
.70710678118654752440  6        8        0.99995      1.562213e+03  7.000000e+02  1.509815e+03  2.600000e+02  2.23173   5.80698
.70710678118654752440  6        8        0.9949874    1.365100e+03  7.000000e+02  1.242001e+03  2.600000e+02  1.95014   4.77693
.70710678118654752440  6        8        0.979795897  1.186187e+03  7.000000e+02  1.052731e+03  2.600000e+02  1.69455   4.04897
.70710678118654752440  8        1        0.99995      1.018979e+02  7.000000e+02  9.629993e-01  2.600000e+02  0.145568  0.00370384
.70710678118654752440  8        1        0.9949874    1.020970e+02  7.000000e+02  6.325219e+00  2.600000e+02  0.145853  0.0243278
.70710678118654752440  8        1        0.979795897  1.025674e+02  7.000000e+02  2.122174e+01  2.600000e+02  0.146525  0.0816221
.70710678118654752440  8        2        0.99995      9.784079e+01  7.000000e+02  3.188959e+01  2.600000e+02  0.139773  0.122652
.70710678118654752440  8        2        0.9949874    9.766055e+01  7.000000e+02  2.901049e+01  2.600000e+02  0.139515  0.111579
.70710678118654752440  8        2        0.979795897  9.854066e+01  7.000000e+02  4.025575e+01  2.600000e+02  0.140772  0.15483
.70710678118654752440  8        3        0.99995      1.618689e+02  7.000000e+02  9.965058e+01  2.600000e+02  0.231241  0.383271
.70710678118654752440  8        3        0.9949874    1.573663e+02  7.000000e+02  8.625056e+01  2.600000e+02  0.224809  0.331733
.70710678118654752440  8        3        0.979795897  1.548125e+02  7.000000e+02  9.131185e+01  2.600000e+02  0.221161  0.351199
.70710678118654752440  8        4        0.99995      2.556399e+02  7.000000e+02  1.964544e+02  2.600000e+02  0.3652    0.755594
.70710678118654752440  8        4        0.9949874    2.410537e+02  7.000000e+02  1.670483e+02  2.600000e+02  0.344362  0.642493
.70710678118654752440  8        4        0.979795897  2.296283e+02  7.000000e+02  1.607949e+02  2.600000e+02  0.32804   0.618442
.70710678118654752440  8        5        0.99995      3.769068e+02  7.000000e+02  3.211283e+02  2.600000e+02  0.538438  1.23511
.70710678118654752440  8        5        0.9949874    3.446715e+02  7.000000e+02  2.681324e+02  2.600000e+02  0.492388  1.03128
.70710678118654752440  8        5        0.979795897  3.173117e+02  7.000000e+02  2.436737e+02  2.600000e+02  0.453302  0.937207
.70710678118654752440  8        6        0.99995      5.249457e+02  7.000000e+02  4.732055e+02  2.600000e+02  0.749922  1.82002
.70710678118654752440  8        6        0.9949874    4.657300e+02  7.000000e+02  3.871478e+02  2.600000e+02  0.665329  1.48903
.70710678118654752440  8        6        0.979795897  4.139140e+02  7.000000e+02  3.360881e+02  2.600000e+02  0.591306  1.29265
.70710678118654752440  8        8        0.99995      8.998554e+02  7.000000e+02  8.583648e+02  2.600000e+02  1.28551   3.3014
.70710678118654752440  8        8        0.9949874    7.518938e+02  7.000000e+02  6.707064e+02  2.600000e+02  1.07413   2.57964
.70710678118654752440  8        8        0.979795897  6.206385e+02  7.000000e+02  5.362232e+02  2.600000e+02  0.886626  2.0624
