sinp                   lambda3  tanbeta  sinbma       widthA        MA            widthH        MH            FracWA      FracWH
0.1                    2        1        0.99995      1.549151e+01  4.100000e+02  3.528374e-02  2.600000e+02  0.0377842   0.000135707
0.1                    2        1        0.9949874    1.560574e+01  4.100000e+02  5.977520e-01  2.600000e+02  0.0380628   0.00229905
0.1                    2        1        0.979795897  1.595209e+01  4.100000e+02  2.217111e+00  2.600000e+02  0.0389075   0.00852735
0.1                    2        2        0.99995      5.899987e+00  4.100000e+02  2.737079e-02  2.600000e+02  0.0143902   0.000105272
0.1                    2        2        0.9949874    6.008696e+00  4.100000e+02  6.386077e-01  2.600000e+02  0.0146554   0.00245618
0.1                    2        2        0.979795897  6.353489e+00  4.100000e+02  2.580048e+00  2.600000e+02  0.0154963   0.00992326
0.1                    2        3        0.99995      4.260029e+00  4.100000e+02  2.750861e-02  2.600000e+02  0.0103903   0.000105802
0.1                    2        3        0.9949874    4.329019e+00  4.100000e+02  6.674180e-01  2.600000e+02  0.0105586   0.00256699
0.1                    2        3        0.979795897  4.640480e+00  4.100000e+02  2.730216e+00  2.600000e+02  0.0113182   0.0105008
0.1                    2        4        0.99995      3.843296e+00  4.100000e+02  2.938791e-02  2.600000e+02  0.00937389  0.00011303
0.1                    2        4        0.9949874    3.825453e+00  4.100000e+02  6.880435e-01  2.600000e+02  0.00933037  0.00264632
0.1                    2        4        0.979795897  4.065970e+00  4.100000e+02  2.750307e+00  2.600000e+02  0.009917    0.0105781
0.1                    2        5        0.99995      3.819143e+00  4.100000e+02  3.221641e-02  2.600000e+02  0.00931498  0.000123909
0.1                    2        5        0.9949874    3.656578e+00  4.100000e+02  7.013590e-01  2.600000e+02  0.00891848  0.00269753
0.1                    2        5        0.979795897  3.789577e+00  4.100000e+02  2.657930e+00  2.600000e+02  0.00924287  0.0102228
0.1                    2        6        0.99995      3.981131e+00  4.100000e+02  3.578264e-02  2.600000e+02  0.00971008  0.000137626
0.1                    2        6        0.9949874    3.607174e+00  4.100000e+02  7.075651e-01  2.600000e+02  0.00879799  0.0027214
0.1                    2        6        0.979795897  3.603568e+00  4.100000e+02  2.465259e+00  2.600000e+02  0.00878919  0.00948177
0.1                    2        8        0.99995      4.616310e+00  4.100000e+02  4.481893e-02  2.600000e+02  0.0112593   0.000172381
0.1                    2        8        0.9949874    3.595248e+00  4.100000e+02  6.989204e-01  2.600000e+02  0.0087689   0.00268816
0.1                    2        8        0.979795897  3.294336e+00  4.100000e+02  1.843930e+00  2.600000e+02  0.00803497  0.00709204
0.1                    3        1        0.99995      1.537668e+01  4.100000e+02  3.165419e-02  2.600000e+02  0.0375041   0.000121747
0.1                    3        1        0.9949874    1.548859e+01  4.100000e+02  2.417238e-01  2.600000e+02  0.037777    0.000929707
0.1                    3        1        0.979795897  1.582812e+01  4.100000e+02  8.783265e-01  2.600000e+02  0.0386052   0.00337818
0.1                    3        2        0.99995      5.723688e+00  4.100000e+02  2.300417e-02  2.600000e+02  0.0139602   8.84776e-05
0.1                    3        2        0.9949874    5.833702e+00  4.100000e+02  2.314788e-01  2.600000e+02  0.0142285   0.000890303
0.1                    3        2        0.979795897  6.172168e+00  4.100000e+02  8.464125e-01  2.600000e+02  0.0150541   0.00325543
0.1                    3        3        0.99995      3.953072e+00  4.100000e+02  2.161181e-02  2.600000e+02  0.00964164  8.31223e-05
0.1                    3        3        0.9949874    4.050948e+00  4.100000e+02  2.231809e-01  2.600000e+02  0.00988036  0.000858388
0.1                    3        3        0.979795897  4.382220e+00  4.100000e+02  7.511920e-01  2.600000e+02  0.0106883   0.0028892
0.1                    3        4        0.99995      3.352112e+00  4.100000e+02  2.134374e-02  2.600000e+02  0.00817588  8.20913e-05
0.1                    3        4        0.9949874    3.426352e+00  4.100000e+02  2.125286e-01  2.600000e+02  0.00835696  0.000817418
0.1                    3        4        0.979795897  3.751756e+00  4.100000e+02  6.192630e-01  2.600000e+02  0.00915062  0.00238178
0.1                    3        5        0.99995      3.093222e+00  4.100000e+02  2.144210e-02  2.600000e+02  0.00754444  8.24696e-05
0.1                    3        5        0.9949874    3.133233e+00  4.100000e+02  1.993518e-01  2.600000e+02  0.00764203  0.000766738
0.1                    3        5        0.979795897  3.468379e+00  4.100000e+02  4.714656e-01  2.600000e+02  0.00845946  0.00181333
0.1                    3        6        0.99995      2.971707e+00  4.100000e+02  2.171529e-02  2.600000e+02  0.00724807  8.35203e-05
0.1                    3        6        0.9949874    2.969947e+00  4.100000e+02  1.839913e-01  2.600000e+02  0.00724377  0.000707659
0.1                    3        6        0.979795897  3.351852e+00  4.100000e+02  3.330955e-01  2.600000e+02  0.00817525  0.00128114
0.1                    3        8        0.99995      2.899359e+00  4.100000e+02  2.254299e-02  2.600000e+02  0.00707161  8.67038e-05
0.1                    3        8        0.9949874    2.815019e+00  4.100000e+02  1.490291e-01  2.600000e+02  0.0068659   0.000573189
0.1                    3        8        0.979795897  3.516971e+00  4.100000e+02  2.143391e-01  2.600000e+02  0.00857798  0.000824381
0.1                    4        1        0.99995      1.545624e+01  4.100000e+02  3.006269e-02  2.600000e+02  0.0376981   0.000115626
0.1                    4        1        0.9949874    1.556493e+01  4.100000e+02  8.349795e-02  2.600000e+02  0.0379632   0.000321146
0.1                    4        1        0.979795897  1.589489e+01  4.100000e+02  2.601087e-01  2.600000e+02  0.038768    0.00100042
0.1                    4        2        0.99995      5.800904e+00  4.100000e+02  2.137077e-02  2.600000e+02  0.0141485   8.21953e-05
0.1                    4        2        0.9949874    5.924140e+00  4.100000e+02  7.014419e-02  2.600000e+02  0.0144491   0.000269785
0.1                    4        2        0.979795897  6.268351e+00  4.100000e+02  2.112259e-01  2.600000e+02  0.0152887   0.000812407
0.1                    4        3        0.99995      4.025466e+00  4.100000e+02  1.991132e-02  2.600000e+02  0.00981821  7.6582e-05
0.1                    4        3        0.9949874    4.174830e+00  4.100000e+02  6.650989e-02  2.600000e+02  0.0101825   0.000255807
0.1                    4        3        0.979795897  4.551652e+00  4.100000e+02  2.202081e-01  2.600000e+02  0.0111016   0.000846954
0.1                    4        4        0.99995      3.419688e+00  4.100000e+02  1.957713e-02  2.600000e+02  0.0083407   7.52967e-05
0.1                    4        4        0.9949874    3.620351e+00  4.100000e+02  6.685034e-02  2.600000e+02  0.00883012  0.000257117
0.1                    4        4        0.979795897  4.071183e+00  4.100000e+02  3.045047e-01  2.600000e+02  0.00992971  0.00117117
0.1                    4        5        0.99995      3.158401e+00  4.100000e+02  1.962670e-02  2.600000e+02  0.00770342  7.54873e-05
0.1                    4        5        0.9949874    3.446312e+00  4.100000e+02  7.135149e-02  2.600000e+02  0.00840564  0.000274429
0.1                    4        5        0.979795897  4.040722e+00  4.100000e+02  4.982939e-01  2.600000e+02  0.00985542  0.00191652
0.1                    4        6        0.99995      3.037033e+00  4.100000e+02  1.988391e-02  2.600000e+02  0.0074074   7.64766e-05
0.1                    4        6        0.9949874    3.463436e+00  4.100000e+02  8.096896e-02  2.600000e+02  0.0084474   0.000311419
0.1                    4        6        0.979795897  4.304555e+00  4.100000e+02  8.434602e-01  2.600000e+02  0.0104989   0.00324408
0.1                    4        8        0.99995      2.977406e+00  4.100000e+02  2.083924e-02  2.600000e+02  0.00726197  8.01509e-05
0.1                    4        8        0.9949874    3.909026e+00  4.100000e+02  1.206223e-01  2.600000e+02  0.00953421  0.000463932
0.1                    4        8        0.979795897  5.725792e+00  4.100000e+02  2.187728e+00  2.600000e+02  0.0139653   0.00841434
0.1                    6        1        0.99995      1.619851e+01  4.100000e+02  3.299382e-02  2.600000e+02  0.0395086   0.000126899
0.1                    6        1        0.9949874    1.629804e+01  4.100000e+02  3.604529e-01  2.600000e+02  0.0397513   0.00138636
0.1                    6        1        0.979795897  1.660060e+01  4.100000e+02  1.185371e+00  2.600000e+02  0.0404893   0.00455912
0.1                    6        2        0.99995      6.715878e+00  4.100000e+02  2.630361e-02  2.600000e+02  0.0163802   0.000101168
0.1                    6        2        0.9949874    6.901318e+00  4.100000e+02  4.848571e-01  2.600000e+02  0.0168325   0.00186484
0.1                    6        2        0.979795897  7.293226e+00  4.100000e+02  2.236197e+00  2.600000e+02  0.0177884   0.00860076
0.1                    6        3        0.99995      5.318631e+00  4.100000e+02  2.909922e-02  2.600000e+02  0.0129723   0.00011192
0.1                    6        3        0.9949874    5.641227e+00  4.100000e+02  6.158656e-01  2.600000e+02  0.0137591   0.00236871
0.1                    6        3        0.979795897  6.188840e+00  4.100000e+02  3.502357e+00  2.600000e+02  0.0150947   0.0134706
0.1                    6        4        0.99995      5.241560e+00  4.100000e+02  3.487660e-02  2.600000e+02  0.0127843   0.000134141
0.1                    6        4        0.9949874    5.794305e+00  4.100000e+02  7.650033e-01  2.600000e+02  0.0141325   0.00294232
0.1                    6        4        0.979795897  6.619644e+00  4.100000e+02  5.123845e+00  2.600000e+02  0.0161455   0.0197071
0.1                    6        5        0.99995      5.666858e+00  4.100000e+02  4.287266e-02  2.600000e+02  0.0138216   0.000164895
0.1                    6        5        0.9949874    6.582273e+00  4.100000e+02  9.373709e-01  2.600000e+02  0.0160543   0.00360527
0.1                    6        5        0.979795897  7.864583e+00  4.100000e+02  7.191829e+00  2.600000e+02  0.0191819   0.0276609
0.1                    6        6        0.99995      6.392721e+00  4.100000e+02  5.292907e-02  2.600000e+02  0.015592    0.000203573
0.1                    6        6        0.9949874    7.842695e+00  4.100000e+02  1.136579e+00  2.600000e+02  0.0191285   0.00437146
0.1                    6        6        0.979795897  9.823286e+00  4.100000e+02  9.791775e+00  2.600000e+02  0.0239592   0.0376607
0.1                    6        8        0.99995      8.513756e+00  4.100000e+02  7.914828e-02  2.600000e+02  0.0207653   0.000304416
0.1                    6        8        0.9949874    1.172128e+01  4.100000e+02  1.628262e+00  2.600000e+02  0.0285885   0.00626255
0.1                    6        8        0.979795897  1.610296e+01  4.100000e+02  1.694345e+01  2.600000e+02  0.0392755   0.0651671
0.1                    8        1        0.99995      1.771835e+01  4.100000e+02  4.407714e-02  2.600000e+02  0.0432155   0.000169527
0.1                    8        1        0.9949874    1.780508e+01  4.100000e+02  1.428617e+00  2.600000e+02  0.043427    0.00549468
0.1                    8        1        0.979795897  1.806923e+01  4.100000e+02  4.992899e+00  2.600000e+02  0.0440713   0.0192035
0.1                    8        2        0.99995      8.671523e+00  4.100000e+02  4.216930e-02  2.600000e+02  0.0211501   0.00016219
0.1                    8        2        0.9949874    8.969902e+00  4.100000e+02  1.882747e+00  2.600000e+02  0.0218778   0.00724133
0.1                    8        2        0.979795897  9.459886e+00  4.100000e+02  8.654963e+00  2.600000e+02  0.0230729   0.0332883
0.1                    8        3        0.99995      8.135478e+00  4.100000e+02  5.507231e-02  2.600000e+02  0.0198426   0.000211817
0.1                    8        3        0.9949874    8.723128e+00  4.100000e+02  2.315485e+00  2.600000e+02  0.0212759   0.00890571
0.1                    8        3        0.979795897  9.545864e+00  4.100000e+02  1.257666e+01  2.600000e+02  0.0232826   0.0483718
0.1                    8        4        0.99995      9.304820e+00  4.100000e+02  7.528631e-02  2.600000e+02  0.0226947   0.000289563
0.1                    8        4        0.9949874    1.034524e+01  4.100000e+02  2.782503e+00  2.600000e+02  0.0252323   0.0107019
0.1                    8        4        0.979795897  1.170798e+01  4.100000e+02  1.720833e+01  2.600000e+02  0.028556    0.0661859
0.1                    8        5        0.99995      1.134325e+01  4.100000e+02  1.019543e-01  2.600000e+02  0.0276665   0.000392132
0.1                    8        5        0.9949874    1.306533e+01  4.100000e+02  3.299417e+00  2.600000e+02  0.0318667   0.0126901
0.1                    8        5        0.979795897  1.526196e+01  4.100000e+02  2.273853e+01  2.600000e+02  0.0372243   0.0874559
0.1                    8        6        0.99995      1.404895e+01  4.100000e+02  1.349181e-01  2.600000e+02  0.0342657   0.000518916
0.1                    8        6        0.9949874    1.674580e+01  4.100000e+02  3.874394e+00  2.600000e+02  0.0408434   0.0149015
0.1                    8        6        0.979795897  2.016041e+01  4.100000e+02  2.931020e+01  2.600000e+02  0.0491717   0.112732
0.1                    8        8        0.99995      2.121439e+01  4.100000e+02  2.197460e-01  2.600000e+02  0.0517424   0.000845177
0.1                    8        8        0.9949874    2.700388e+01  4.100000e+02  5.221839e+00  2.600000e+02  0.0658631   0.020084
0.1                    8        8        0.979795897  3.442617e+01  4.100000e+02  4.611109e+01  2.600000e+02  0.0839663   0.17735
0.2                    2        1        0.99995      1.585222e+01  4.100000e+02  8.904649e-02  2.600000e+02  0.038664    0.000342487
0.2                    2        1        0.9949874    1.597078e+01  4.100000e+02  6.513287e-01  2.600000e+02  0.0389531   0.00250511
0.2                    2        1        0.979795897  1.633038e+01  4.100000e+02  2.270197e+00  2.600000e+02  0.0398302   0.00873153
0.2                    2        2        0.99995      6.756875e+00  4.100000e+02  9.290731e-02  2.600000e+02  0.0164802   0.000357336
0.2                    2        2        0.9949874    6.853916e+00  4.100000e+02  6.991312e-01  2.600000e+02  0.0167169   0.00268897
0.2                    2        2        0.979795897  7.207610e+00  4.100000e+02  2.635592e+00  2.600000e+02  0.0175795   0.0101369
0.2                    2        3        0.99995      5.601040e+00  4.100000e+02  1.185609e-01  2.600000e+02  0.0136611   0.000456003
0.2                    2        3        0.9949874    5.544016e+00  4.100000e+02  7.443458e-01  2.600000e+02  0.013522    0.00286287
0.2                    2        3        0.979795897  5.768426e+00  4.100000e+02  2.795554e+00  2.600000e+02  0.0140693   0.0107521
0.2                    2        4        0.99995      5.806445e+00  4.100000e+02  1.564137e-01  2.600000e+02  0.0141621   0.000601591
0.2                    2        4        0.9949874    5.412616e+00  4.100000e+02  7.844647e-01  2.600000e+02  0.0132015   0.00301717
0.2                    2        4        0.979795897  5.361846e+00  4.100000e+02  2.824063e+00  2.600000e+02  0.0130777   0.0108618
0.2                    2        5        0.99995      6.556007e+00  4.100000e+02  2.049659e-01  2.600000e+02  0.0159903   0.00078833
0.2                    2        5        0.9949874    5.600830e+00  4.100000e+02  8.176330e-01  2.600000e+02  0.0136606   0.00314474
0.2                    2        5        0.979795897  5.133023e+00  4.100000e+02  2.735819e+00  2.600000e+02  0.0125196   0.0105224
0.2                    2        6        0.99995      7.642383e+00  4.100000e+02  2.635747e-01  2.600000e+02  0.01864     0.00101375
0.2                    2        6        0.9949874    5.867261e+00  4.100000e+02  8.420453e-01  2.600000e+02  0.0143104   0.00323864
0.2                    2        6        0.979795897  4.869593e+00  4.100000e+02  2.541985e+00  2.600000e+02  0.0118771   0.00977687
0.2                    2        8        0.99995      1.056156e+01  4.100000e+02  4.091983e-01  2.600000e+02  0.0257599   0.00157384
0.2                    2        8        0.9949874    6.276460e+00  4.100000e+02  8.590890e-01  2.600000e+02  0.0153084   0.00330419
0.2                    2        8        0.979795897  4.126144e+00  4.100000e+02  1.906066e+00  2.600000e+02  0.0100638   0.00733102
0.2                    3        1        0.99995      1.540681e+01  4.100000e+02  8.541434e-02  2.600000e+02  0.0375776   0.000328517
0.2                    3        1        0.9949874    1.551640e+01  4.100000e+02  2.950368e-01  2.600000e+02  0.0378449   0.00113476
0.2                    3        1        0.979795897  1.584955e+01  4.100000e+02  9.303212e-01  2.600000e+02  0.0386574   0.00357816
0.2                    3        2        0.99995      6.073051e+00  4.100000e+02  7.826476e-02  2.600000e+02  0.0148123   0.000301018
0.2                    3        2        0.9949874    6.175150e+00  4.100000e+02  2.853052e-01  2.600000e+02  0.0150613   0.00109733
0.2                    3        2        0.979795897  6.504305e+00  4.100000e+02  8.981768e-01  2.600000e+02  0.0158642   0.00345453
0.2                    3        3        0.99995      4.410420e+00  4.100000e+02  8.004056e-02  2.600000e+02  0.0107571   0.000307848
0.2                    3        3        0.9949874    4.466167e+00  4.100000e+02  2.778734e-01  2.600000e+02  0.0108931   0.00106874
0.2                    3        3        0.979795897  4.766689e+00  4.100000e+02  8.029705e-01  2.600000e+02  0.0116261   0.00308835
0.2                    3        4        0.99995      3.901943e+00  4.100000e+02  8.409421e-02  2.600000e+02  0.00951693  0.000323439
0.2                    3        4        0.9949874    3.865450e+00  4.100000e+02  2.674646e-01  2.600000e+02  0.00942793  0.00102871
0.2                    3        4        0.979795897  4.144304e+00  4.100000e+02  6.709081e-01  2.600000e+02  0.0101081   0.00258042
0.2                    3        5        0.99995      3.741011e+00  4.100000e+02  8.950313e-02  2.600000e+02  0.00912442  0.000344243
0.2                    3        5        0.9949874    3.571874e+00  4.100000e+02  2.538279e-01  2.600000e+02  0.00871189  0.000976261
0.2                    3        5        0.979795897  3.889017e+00  4.100000e+02  5.247434e-01  2.600000e+02  0.00948541  0.00201824
0.2                    3        6        0.99995      3.727745e+00  4.100000e+02  9.595066e-02  2.600000e+02  0.00909206  0.000369041
0.2                    3        6        0.9949874    3.396755e+00  4.100000e+02  2.376519e-01  2.600000e+02  0.00828477  0.000914046
0.2                    3        6        0.979795897  3.894149e+00  4.100000e+02  3.932014e-01  2.600000e+02  0.00949792  0.00151231
0.2                    3        8        0.99995      3.902583e+00  4.100000e+02  1.112706e-01  2.600000e+02  0.0095185   0.000427964
0.2                    3        8        0.9949874    3.250503e+00  4.100000e+02  2.033443e-01  2.600000e+02  0.00792806  0.000782093
0.2                    3        8        0.979795897  4.989155e+00  4.100000e+02  3.246915e-01  2.600000e+02  0.0121687   0.00124881
0.2                    4        1        0.99995      1.571539e+01  4.100000e+02  8.382201e-02  2.600000e+02  0.0383302   0.000322392
0.2                    4        1        0.9949874    1.581249e+01  4.100000e+02  1.367250e-01  2.600000e+02  0.038567    0.000525865
0.2                    4        1        0.979795897  1.610852e+01  4.100000e+02  3.117232e-01  2.600000e+02  0.0392891   0.00119894
0.2                    4        2        0.99995      6.376169e+00  4.100000e+02  7.609298e-02  2.600000e+02  0.0155516   0.000292665
0.2                    4        2        0.9949874    6.529873e+00  4.100000e+02  1.247004e-01  2.600000e+02  0.0159265   0.000479617
0.2                    4        2        0.979795897  6.881437e+00  4.100000e+02  2.642974e-01  2.600000e+02  0.016784    0.00101653
0.2                    4        3        0.99995      4.697403e+00  4.100000e+02  7.685696e-02  2.600000e+02  0.0114571   0.000295604
0.2                    4        3        0.9949874    4.953615e+00  4.100000e+02  1.257261e-01  2.600000e+02  0.012082    0.000483562
0.2                    4        3        0.979795897  5.433085e+00  4.100000e+02  2.801961e-01  2.600000e+02  0.0132514   0.00107768
0.2                    4        4        0.99995      4.169610e+00  4.100000e+02  7.990301e-02  2.600000e+02  0.0101698   0.000307319
0.2                    4        4        0.9949874    4.620865e+00  4.100000e+02  1.357403e-01  2.600000e+02  0.0112704   0.000522078
0.2                    4        4        0.979795897  5.387591e+00  4.100000e+02  3.817031e-01  2.600000e+02  0.0131405   0.00146809
0.2                    4        5        0.99995      3.995725e+00  4.100000e+02  8.457331e-02  2.600000e+02  0.00974567  0.000325282
0.2                    4        5        0.9949874    4.785255e+00  4.100000e+02  1.571256e-01  2.600000e+02  0.0116714   0.000604329
0.2                    4        5        0.979795897  6.107160e+00  4.100000e+02  6.092830e-01  2.600000e+02  0.0148955   0.0023434
0.2                    4        6        0.99995      3.980426e+00  4.100000e+02  9.079980e-02  2.600000e+02  0.00970836  0.00034923
0.2                    4        6        0.9949874    5.309733e+00  4.100000e+02  1.934408e-01  2.600000e+02  0.0129506   0.000744003
0.2                    4        6        0.979795897  7.588571e+00  4.100000e+02  1.012565e+00  2.600000e+02  0.0185087   0.00389448
0.2                    4        8        0.99995      4.204603e+00  4.100000e+02  1.082110e-01  2.600000e+02  0.0102551   0.000416196
0.2                    4        8        0.9949874    7.493538e+00  4.100000e+02  3.282920e-01  2.600000e+02  0.0182769   0.00126266
0.2                    4        8        0.979795897  1.355670e+01  4.100000e+02  2.584258e+00  2.600000e+02  0.0330651   0.00993945
0.2                    6        1        0.99995      1.859453e+01  4.100000e+02  8.675682e-02  2.600000e+02  0.0453525   0.00033368
0.2                    6        1        0.9949874    1.865608e+01  4.100000e+02  4.140417e-01  2.600000e+02  0.0455026   0.00159247
0.2                    6        1        0.979795897  1.884584e+01  4.100000e+02  1.238359e+00  2.600000e+02  0.0459655   0.00476292
0.2                    6        2        0.99995      9.961121e+00  4.100000e+02  1.091617e-01  2.600000e+02  0.0242954   0.000419853
0.2                    6        2        0.9949874    1.036026e+01  4.100000e+02  5.631545e-01  2.600000e+02  0.0252689   0.00216598
0.2                    6        2        0.979795897  1.089953e+01  4.100000e+02  2.307145e+00  2.600000e+02  0.0265842   0.00887363
0.2                    6        3        0.99995      9.707133e+00  4.100000e+02  1.765001e-01  2.600000e+02  0.0236759   0.000678847
0.2                    6        3        0.9949874    1.063379e+01  4.100000e+02  7.644065e-01  2.600000e+02  0.0259361   0.00294002
0.2                    6        3        0.979795897  1.177418e+01  4.100000e+02  3.644073e+00  2.600000e+02  0.0287175   0.0140157
0.2                    6        4        0.99995      1.123001e+01  4.100000e+02  2.759054e-01  2.600000e+02  0.0273903   0.00106117
0.2                    6        4        0.9949874    1.304937e+01  4.100000e+02  1.028118e+00  2.600000e+02  0.0318277   0.0039543
0.2                    6        4        0.979795897  1.526701e+01  4.100000e+02  5.395141e+00  2.600000e+02  0.0372366   0.0207505
0.2                    6        5        0.99995      1.372290e+01  4.100000e+02  4.063125e-01  2.600000e+02  0.0334705   0.00156274
0.2                    6        5        0.9949874    1.694894e+01  4.100000e+02  1.365029e+00  2.600000e+02  0.0413389   0.00525011
0.2                    6        5        0.979795897  2.093911e+01  4.100000e+02  7.665207e+00  2.600000e+02  0.051071    0.0294816
0.2                    6        6        0.99995      1.699643e+01  4.100000e+02  5.679175e-01  2.600000e+02  0.0414547   0.0021843
0.2                    6        6        0.9949874    2.229591e+01  4.100000e+02  1.785565e+00  2.600000e+02  0.0543803   0.00686756
0.2                    6        6        0.979795897  2.899455e+01  4.100000e+02  1.055573e+01  2.600000e+02  0.0707184   0.040599
0.2                    6        8        0.99995      2.567893e+01  4.100000e+02  9.866960e-01  2.600000e+02  0.0626315   0.00379498
0.2                    6        8        0.9949874    3.779557e+01  4.100000e+02  2.920264e+00  2.600000e+02  0.0921843   0.0112318
0.2                    6        8        0.979795897  5.365071e+01  4.100000e+02  1.862621e+01  2.600000e+02  0.130855    0.0716393
0.2                    8        1        0.99995      2.459131e+01  4.100000e+02  9.785092e-02  2.600000e+02  0.0599788   0.00037635
0.2                    8        1        0.9949874    2.460067e+01  4.100000e+02  1.483279e+00  2.600000e+02  0.0600016   0.00570492
0.2                    8        1        0.979795897  2.463400e+01  4.100000e+02  5.050106e+00  2.600000e+02  0.0600829   0.0194235
0.2                    8        2        0.99995      1.750708e+01  4.100000e+02  1.921135e-01  2.600000e+02  0.0427002   0.000738898
0.2                    8        2        0.9949874    1.833976e+01  4.100000e+02  2.014494e+00  2.600000e+02  0.0447311   0.00774805
0.2                    8        2        0.979795897  1.925667e+01  4.100000e+02  8.764136e+00  2.600000e+02  0.0469675   0.0337082
0.2                    8        3        0.99995      2.063308e+01  4.100000e+02  4.174903e-01  2.600000e+02  0.0503246   0.00160573
0.2                    8        3        0.9949874    2.258779e+01  4.100000e+02  2.660387e+00  2.600000e+02  0.0550922   0.0102323
0.2                    8        3        0.979795897  2.479537e+01  4.100000e+02  1.288719e+01  2.600000e+02  0.0604765   0.0495661
0.2                    8        4        0.99995      2.699053e+01  4.100000e+02  7.444207e-01  2.600000e+02  0.0658306   0.00286316
0.2                    8        4        0.9949874    3.070145e+01  4.100000e+02  3.461598e+00  2.600000e+02  0.0748816   0.0133138
0.2                    8        4        0.979795897  3.508405e+01  4.100000e+02  1.786438e+01  2.600000e+02  0.0855709   0.0687092
0.2                    8        5        0.99995      3.574043e+01  4.100000e+02  1.170184e+00  2.600000e+02  0.0871718   0.00450071
0.2                    8        5        0.9949874    4.209533e+01  4.100000e+02  4.441343e+00  2.600000e+02  0.102672    0.0170821
0.2                    8        5        0.979795897  4.940787e+01  4.100000e+02  2.390359e+01  2.600000e+02  0.120507    0.0919369
0.2                    8        6        0.99995      4.669331e+01  4.100000e+02  1.694928e+00  2.600000e+02  0.113886    0.00651895
0.2                    8        6        0.9949874    5.665583e+01  4.100000e+02  5.618419e+00  2.600000e+02  0.138185    0.0216093
0.2                    8        6        0.979795897  6.882371e+01  4.100000e+02  3.117149e+01  2.600000e+02  0.167863    0.11989
0.2                    8        8        0.99995      7.494199e+01  4.100000e+02  3.044653e+00  2.600000e+02  0.182785    0.0117102
0.2                    8        8        0.9949874    9.697768e+01  4.100000e+02  8.635006e+00  2.600000e+02  0.236531    0.0332116
0.2                    8        8        0.979795897  1.245111e+02  4.100000e+02  5.003194e+01  2.600000e+02  0.303686    0.192431
0.3                    2        1        0.99995      1.640668e+01  4.100000e+02  1.786602e-01  2.600000e+02  0.0400163   0.000687155
0.3                    2        1        0.9949874    1.653139e+01  4.100000e+02  7.415557e-01  2.600000e+02  0.0403205   0.00285214
0.3                    2        1        0.979795897  1.690977e+01  4.100000e+02  2.362600e+00  2.600000e+02  0.0412433   0.00908692
0.3                    2        2        0.99995      8.109757e+00  4.100000e+02  2.335408e-01  2.600000e+02  0.0197799   0.000898234
0.3                    2        2        0.9949874    8.188513e+00  4.100000e+02  8.194610e-01  2.600000e+02  0.019972    0.00315177
0.3                    2        2        0.979795897  8.554355e+00  4.100000e+02  2.738648e+00  2.600000e+02  0.0208643   0.0105333
0.3                    2        3        0.99995      7.700455e+00  4.100000e+02  3.697629e-01  2.600000e+02  0.0187816   0.00142216
0.3                    2        3        0.9949874    7.450620e+00  4.100000e+02  9.357608e-01  2.600000e+02  0.0181722   0.00359908
0.3                    2        3        0.979795897  7.540724e+00  4.100000e+02  2.941051e+00  2.600000e+02  0.018392    0.0113117
0.3                    2        4        0.99995      8.858104e+00  4.100000e+02  5.635004e-01  2.600000e+02  0.0216051   0.00216731
0.3                    2        4        0.9949874    7.889925e+00  4.100000e+02  1.060351e+00  2.600000e+02  0.0192437   0.00407827
0.3                    2        4        0.979795897  7.393123e+00  4.100000e+02  3.006036e+00  2.600000e+02  0.018032    0.0115617
0.3                    2        5        0.99995      1.079004e+01  4.100000e+02  8.101888e-01  2.600000e+02  0.0263172   0.00311611
0.3                    2        5        0.9949874    8.624402e+00  4.100000e+02  1.179548e+00  2.600000e+02  0.0210351   0.00453672
0.3                    2        5        0.979795897  7.238138e+00  4.100000e+02  2.935699e+00  2.600000e+02  0.017654    0.0112911
0.3                    2        6        0.99995      1.328996e+01  4.100000e+02  1.107315e+00  2.600000e+02  0.0324145   0.0042589
0.3                    2        6        0.9949874    9.373812e+00  4.100000e+02  1.282854e+00  2.600000e+02  0.022863    0.00493405
0.3                    2        6        0.979795897  6.857217e+00  4.100000e+02  2.736827e+00  2.600000e+02  0.0167249   0.0105263
0.3                    2        8        0.99995      1.971014e+01  4.100000e+02  1.844817e+00  2.600000e+02  0.0480735   0.00709545
0.3                    2        8        0.9949874    1.042965e+01  4.100000e+02  1.411214e+00  2.600000e+02  0.0254382   0.00542775
0.3                    2        8        0.979795897  5.451707e+00  4.100000e+02  2.037683e+00  2.600000e+02  0.0132968   0.00783724
0.3                    3        1        0.99995      1.545669e+01  4.100000e+02  1.750168e-01  2.600000e+02  0.0376992   0.000673142
0.3                    3        1        0.9949874    1.556227e+01  4.100000e+02  3.841209e-01  2.600000e+02  0.0379568   0.00147739
0.3                    3        1        0.979795897  1.588425e+01  4.100000e+02  1.017994e+00  2.600000e+02  0.0387421   0.00391536
0.3                    3        2        0.99995      6.651287e+00  4.100000e+02  1.743691e-01  2.600000e+02  0.0162227   0.00067065
0.3                    3        2        0.9949874    6.740831e+00  4.100000e+02  3.766139e-01  2.600000e+02  0.0164411   0.00144852
0.3                    3        2        0.979795897  7.054337e+00  4.100000e+02  9.848516e-01  2.600000e+02  0.0172057   0.00378789
0.3                    3        3        0.99995      5.162563e+00  4.100000e+02  1.898736e-01  2.600000e+02  0.0125916   0.000730283
0.3                    3        3        0.9949874    5.151859e+00  4.100000e+02  3.729351e-01  2.600000e+02  0.0125655   0.00143437
0.3                    3        3        0.979795897  5.406048e+00  4.100000e+02  8.897064e-01  2.600000e+02  0.0131855   0.00342195
0.3                    3        4        0.99995      4.796156e+00  4.100000e+02  2.126547e-01  2.600000e+02  0.0116979   0.000817903
0.3                    3        4        0.9949874    4.590109e+00  4.100000e+02  3.635821e-01  2.600000e+02  0.0111954   0.00139839
0.3                    3        4        0.979795897  4.796332e+00  4.100000e+02  7.570663e-01  2.600000e+02  0.0116984   0.00291179
0.3                    3        5        0.99995      4.785972e+00  4.100000e+02  2.410761e-01  2.600000e+02  0.0116731   0.000927216
0.3                    3        5        0.9949874    4.297021e+00  4.100000e+02  3.479521e-01  2.600000e+02  0.0104805   0.00133828
0.3                    3        5        0.979795897  4.584905e+00  4.100000e+02  6.179760e-01  2.600000e+02  0.0111827   0.00237683
0.3                    3        6        0.99995      4.938594e+00  4.100000e+02  2.742791e-01  2.600000e+02  0.0120454   0.00105492
0.3                    3        6        0.9949874    4.104442e+00  4.100000e+02  3.282426e-01  2.600000e+02  0.0100108   0.00126247
0.3                    3        6        0.979795897  4.776769e+00  4.100000e+02  5.160227e-01  2.600000e+02  0.0116507   0.0019847
0.3                    3        8        0.99995      5.494894e+00  4.100000e+02  3.523986e-01  2.600000e+02  0.0134022   0.00135538
0.3                    3        8        0.9949874    3.972403e+00  4.100000e+02  2.967711e-01  2.600000e+02  0.00968879  0.00114143
0.3                    3        8        0.979795897  7.296800e+00  4.100000e+02  6.652473e-01  2.600000e+02  0.0177971   0.00255864
0.3                    4        1        0.99995      1.611484e+01  4.100000e+02  1.734209e-01  2.600000e+02  0.0393045   0.000667003
0.3                    4        1        0.9949874    1.619378e+01  4.100000e+02  2.254368e-01  2.600000e+02  0.039497    0.000867065
0.3                    4        1        0.979795897  1.643658e+01  4.100000e+02  3.977485e-01  2.600000e+02  0.0400892   0.0015298
0.3                    4        2        0.99995      7.303104e+00  4.100000e+02  1.698643e-01  2.600000e+02  0.0178124   0.000653324
0.3                    4        2        0.9949874    7.503367e+00  4.100000e+02  2.191721e-01  2.600000e+02  0.0183009   0.00084297
0.3                    4        2        0.979795897  7.864895e+00  4.100000e+02  3.566364e-01  2.600000e+02  0.0191827   0.00137168
0.3                    4        3        0.99995      5.773165e+00  4.100000e+02  1.802632e-01  2.600000e+02  0.0140809   0.00069332
0.3                    4        3        0.9949874    6.191405e+00  4.100000e+02  2.403906e-01  2.600000e+02  0.015101    0.000924579
0.3                    4        3        0.979795897  6.825504e+00  4.100000e+02  4.025063e-01  2.600000e+02  0.0166476   0.0015481
0.3                    4        4        0.99995      5.367040e+00  4.100000e+02  1.979570e-01  2.600000e+02  0.0130903   0.000761373
0.3                    4        4        0.9949874    6.201268e+00  4.100000e+02  2.923246e-01  2.600000e+02  0.015125    0.00112433
0.3                    4        4        0.979795897  7.448030e+00  4.100000e+02  5.785900e-01  2.600000e+02  0.0181659   0.00222535
0.3                    4        5        0.99995      5.329228e+00  4.100000e+02  2.226504e-01  2.600000e+02  0.0129981   0.000856348
0.3                    4        5        0.9949874    6.886200e+00  4.100000e+02  3.868747e-01  2.600000e+02  0.0167956   0.00148798
0.3                    4        5        0.979795897  9.320148e+00  4.100000e+02  9.525983e-01  2.600000e+02  0.0227321   0.00366384
0.3                    4        6        0.99995      5.477517e+00  4.100000e+02  2.547438e-01  2.600000e+02  0.0133598   0.000979784
0.3                    4        6        0.9949874    8.188257e+00  4.100000e+02  5.388804e-01  2.600000e+02  0.0199714   0.00207262
0.3                    4        6        0.979795897  1.266997e+01  4.100000e+02  1.607714e+00  2.600000e+02  0.0309024   0.00618352
0.3                    4        8        0.99995      6.138431e+00  4.100000e+02  3.434636e-01  2.600000e+02  0.0149718   0.00132101
0.3                    4        8        0.9949874    1.304162e+01  4.100000e+02  1.086255e+00  2.600000e+02  0.0318088   0.0041779
0.3                    4        8        0.979795897  2.564368e+01  4.100000e+02  4.164915e+00  2.600000e+02  0.0625456   0.0160189
0.3                    6        1        0.99995      2.233862e+01  4.100000e+02  1.763716e-01  2.600000e+02  0.0544844   0.000678352
0.3                    6        1        0.9949874    2.233939e+01  4.100000e+02  5.043210e-01  2.600000e+02  0.0544863   0.0019397
0.3                    6        1        0.979795897  2.234872e+01  4.100000e+02  1.330337e+00  2.600000e+02  0.0545091   0.00511668
0.3                    6        2        0.99995      1.495572e+01  4.100000e+02  3.248554e-01  2.600000e+02  0.0364774   0.00124944
0.3                    6        2        0.9949874    1.568344e+01  4.100000e+02  7.605041e-01  2.600000e+02  0.0382523   0.00292502
0.3                    6        2        0.979795897  1.645012e+01  4.100000e+02  2.476948e+00  2.600000e+02  0.0401222   0.00952672
0.3                    6        3        0.99995      1.647603e+01  4.100000e+02  6.718790e-01  2.600000e+02  0.0401854   0.00258415
0.3                    6        3        0.9949874    1.833720e+01  4.100000e+02  1.266145e+00  2.600000e+02  0.0447249   0.00486979
0.3                    6        3        0.979795897  2.040124e+01  4.100000e+02  4.120537e+00  2.600000e+02  0.0497591   0.0158482
0.3                    6        4        0.99995      2.045437e+01  4.100000e+02  1.177005e+00  2.600000e+02  0.0498887   0.00452694
0.3                    6        4        0.9949874    2.423428e+01  4.100000e+02  2.026344e+00  2.600000e+02  0.059108    0.00779363
0.3                    6        4        0.979795897  2.862880e+01  4.100000e+02  6.433118e+00  2.600000e+02  0.0698263   0.0247428
0.3                    6        5        0.99995      2.612175e+01  4.100000e+02  1.837860e+00  2.600000e+02  0.0637116   0.00706869
0.3                    6        5        0.9949874    3.292735e+01  4.100000e+02  3.076276e+00  2.600000e+02  0.0803106   0.0118318
0.3                    6        5        0.979795897  4.116664e+01  4.100000e+02  9.578877e+00  2.600000e+02  0.100406    0.0368418
0.3                    6        6        0.99995      3.331141e+01  4.100000e+02  2.656176e+00  2.600000e+02  0.0812473   0.0102161
0.3                    6        6        0.9949874    4.458092e+01  4.100000e+02  4.455902e+00  2.600000e+02  0.108734    0.0171381
0.3                    6        6        0.979795897  5.807955e+01  4.100000e+02  1.372858e+01  2.600000e+02  0.141657    0.0528022
0.3                    6        8        0.99995      5.189210e+01  4.100000e+02  4.776045e+00  2.600000e+02  0.126566    0.0183694
0.3                    6        8        0.9949874    7.747384e+01  4.100000e+02  8.377003e+00  2.600000e+02  0.188961    0.0322192
0.3                    6        8        0.979795897  1.110783e+02  4.100000e+02  2.578056e+01  2.600000e+02  0.270923    0.099156
0.3                    8        1        0.99995      3.517788e+01  4.100000e+02  1.875125e-01  2.600000e+02  0.0857997   0.000721202
0.3                    8        1        0.9949874    3.506497e+01  4.100000e+02  1.578208e+00  2.600000e+02  0.0855243   0.00607003
0.3                    8        1        0.979795897  3.473405e+01  4.100000e+02  5.160367e+00  2.600000e+02  0.0847172   0.0198476
0.3                    8        2        0.99995      3.119028e+01  4.100000e+02  6.985138e-01  2.600000e+02  0.0760739   0.00268659
0.3                    8        2        0.9949874    3.288833e+01  4.100000e+02  2.443457e+00  2.600000e+02  0.0802154   0.00939791
0.3                    8        2        0.979795897  3.451016e+01  4.100000e+02  9.099583e+00  2.600000e+02  0.0841711   0.0349984
0.3                    8        3        0.99995      3.995306e+01  4.100000e+02  1.844610e+00  2.600000e+02  0.0974465   0.00709465
0.3                    8        3        0.9949874    4.352688e+01  4.100000e+02  4.013024e+00  2.600000e+02  0.106163    0.0154347
0.3                    8        3        0.979795897  4.779419e+01  4.100000e+02  1.409514e+01  2.600000e+02  0.116571    0.0542121
0.3                    8        4        0.99995      5.381459e+01  4.100000e+02  3.500645e+00  2.600000e+02  0.131255    0.013464
0.3                    8        4        0.9949874    6.152147e+01  4.100000e+02  6.262408e+00  2.600000e+02  0.150052    0.0240862
0.3                    8        4        0.979795897  7.021524e+01  4.100000e+02  2.056962e+01  2.600000e+02  0.171257    0.0791139
0.3                    8        5        0.99995      7.280716e+01  4.100000e+02  5.655819e+00  2.600000e+02  0.177578    0.0217531
0.3                    8        5        0.9949874    8.612408e+01  4.100000e+02  9.247751e+00  2.600000e+02  0.210059    0.0355683
0.3                    8        5        0.979795897  1.016683e+02  4.100000e+02  2.881453e+01  2.600000e+02  0.247971    0.110825
0.3                    8        6        0.99995      9.634615e+01  4.100000e+02  8.311611e+00  2.600000e+02  0.234991    0.0319677
0.3                    8        6        0.9949874    1.176961e+02  4.100000e+02  1.303392e+01  2.600000e+02  0.287064    0.0501305
0.3                    8        6        0.979795897  1.432596e+02  4.100000e+02  3.909944e+01  2.600000e+02  0.349414    0.150382
0.3                    8        8        0.99995      1.570051e+02  4.100000e+02  1.514256e+01  2.600000e+02  0.382939    0.0582406
0.3                    8        8        0.9949874    2.038749e+02  4.100000e+02  2.328346e+01  2.600000e+02  0.497256    0.0895518
0.3                    8        8        0.979795897  2.622102e+02  4.100000e+02  6.688463e+01  2.600000e+02  0.639537    0.257249
0.5                    2        1        0.99995      1.778849e+01  4.100000e+02  4.655013e-01  2.600000e+02  0.0433866   0.00179039
0.5                    2        1        0.9949874    1.792377e+01  4.100000e+02  1.038115e+00  2.600000e+02  0.0437165   0.00399275
0.5                    2        1        0.979795897  1.833455e+01  4.100000e+02  2.691266e+00  2.600000e+02  0.0447184   0.010351
0.5                    2        2        0.99995      1.180674e+01  4.100000e+02  9.473772e-01  2.600000e+02  0.0287969   0.00364376
0.5                    2        2        0.9949874    1.183675e+01  4.100000e+02  1.367957e+00  2.600000e+02  0.0288701   0.00526137
0.5                    2        2        0.979795897  1.221889e+01  4.100000e+02  3.156468e+00  2.600000e+02  0.0298022   0.0121403
0.5                    2        3        0.99995      1.329905e+01  4.100000e+02  2.008973e+00  2.600000e+02  0.0324367   0.00772682
0.5                    2        3        0.9949874    1.258564e+01  4.100000e+02  2.079186e+00  2.600000e+02  0.0306967   0.00799687
0.5                    2        3        0.979795897  1.234590e+01  4.100000e+02  3.714069e+00  2.600000e+02  0.030112    0.0142849
0.5                    2        4        0.99995      1.677611e+01  4.100000e+02  3.507346e+00  2.600000e+02  0.0409173   0.0134898
0.5                    2        4        0.9949874    1.441699e+01  4.100000e+02  2.910736e+00  2.600000e+02  0.0351634   0.0111951
0.5                    2        4        0.979795897  1.283170e+01  4.100000e+02  4.084333e+00  2.600000e+02  0.0312968   0.015709
0.5                    2        5        0.99995      2.158976e+01  4.100000e+02  5.412282e+00  2.600000e+02  0.052658    0.0208165
0.5                    2        5        0.9949874    1.647902e+01  4.100000e+02  3.749928e+00  2.600000e+02  0.0401927   0.0144228
0.5                    2        5        0.979795897  1.285393e+01  4.100000e+02  4.163864e+00  2.600000e+02  0.031351    0.0160149
0.5                    2        6        0.99995      2.755513e+01  4.100000e+02  7.705618e+00  2.600000e+02  0.0672076   0.029637
0.5                    2        6        0.9949874    1.840974e+01  4.100000e+02  4.513509e+00  2.600000e+02  0.0449018   0.0173597
0.5                    2        6        0.979795897  1.218935e+01  4.100000e+02  3.922824e+00  2.600000e+02  0.0297301   0.0150878
0.5                    2        8        0.99995      4.268163e+01  4.100000e+02  1.339669e+01  2.600000e+02  0.104102    0.0515257
0.5                    2        8        0.9949874    2.108669e+01  4.100000e+02  5.573503e+00  2.600000e+02  0.051431    0.0214365
0.5                    2        8        0.979795897  9.183428e+00  4.100000e+02  2.694546e+00  2.600000e+02  0.0223986   0.0103636
0.5                    3        1        0.99995      1.561362e+01  4.100000e+02  4.617632e-01  2.600000e+02  0.038082    0.00177601
0.5                    3        1        0.9949874    1.570510e+01  4.100000e+02  6.711147e-01  2.600000e+02  0.0383051   0.00258121
0.5                    3        1        0.979795897  1.598675e+01  4.100000e+02  1.307073e+00  2.600000e+02  0.0389921   0.0050272
0.5                    3        2        0.99995      8.467750e+00  4.100000e+02  5.155315e-01  2.600000e+02  0.020653    0.00198281
0.5                    3        2        0.9949874    8.522463e+00  4.100000e+02  6.822259e-01  2.600000e+02  0.0207865   0.00262395
0.5                    3        2        0.979795897  8.784787e+00  4.100000e+02  1.265577e+00  2.600000e+02  0.0214263   0.0048676
0.5                    3        3        0.99995      7.469592e+00  4.100000e+02  6.459346e-01  2.600000e+02  0.0182185   0.00248436
0.5                    3        3        0.9949874    7.294318e+00  4.100000e+02  7.099577e-01  2.600000e+02  0.017791    0.00273061
0.5                    3        3        0.979795897  7.420720e+00  4.100000e+02  1.170944e+00  2.600000e+02  0.0180993   0.00450363
0.5                    3        4        0.99995      7.476384e+00  4.100000e+02  8.254502e-01  2.600000e+02  0.0182351   0.00317481
0.5                    3        4        0.9949874    6.853190e+00  4.100000e+02  7.094399e-01  2.600000e+02  0.0167151   0.00272862
0.5                    3        4        0.979795897  6.869364e+00  4.100000e+02  1.033468e+00  2.600000e+02  0.0167545   0.00397488
0.5                    3        5        0.99995      7.848920e+00  4.100000e+02  1.046468e+00  2.600000e+02  0.0191437   0.00402488
0.5                    3        5        0.9949874    6.573461e+00  4.100000e+02  6.771280e-01  2.600000e+02  0.0160328   0.00260434
0.5                    3        5        0.979795897  6.775150e+00  4.100000e+02  9.535862e-01  2.600000e+02  0.0165248   0.00366764
0.5                    3        6        0.99995      8.420819e+00  4.100000e+02  1.303594e+00  2.600000e+02  0.0205386   0.00501382
0.5                    3        6        0.9949874    6.344618e+00  4.100000e+02  6.278457e-01  2.600000e+02  0.0154747   0.00241479
0.5                    3        6        0.979795897  7.427771e+00  4.100000e+02  1.099267e+00  2.600000e+02  0.0181165   0.00422795
0.5                    3        8        0.99995      9.937282e+00  4.100000e+02  1.907298e+00  2.600000e+02  0.0242373   0.00733576
0.5                    3        8        0.9949874    6.251129e+00  4.100000e+02  6.201105e-01  2.600000e+02  0.0152467   0.00238504
0.5                    3        8        0.979795897  1.347824e+01  4.100000e+02  3.070765e+00  2.600000e+02  0.0328738   0.0118106
0.5                    4        1        0.99995      1.712119e+01  4.100000e+02  4.601373e-01  2.600000e+02  0.041759    0.00176976
0.5                    4        1        0.9949874    1.715085e+01  4.100000e+02  5.093153e-01  2.600000e+02  0.0418313   0.0019589
0.5                    4        1        0.979795897  1.725124e+01  4.100000e+02  6.730387e-01  2.600000e+02  0.0420762   0.00258861
0.5                    4        2        0.99995      9.960477e+00  4.100000e+02  4.915014e-01  2.600000e+02  0.0242938   0.00189039
0.5                    4        2        0.9949874    1.026852e+01  4.100000e+02  5.512555e-01  2.600000e+02  0.0250452   0.00212021
0.5                    4        2        0.979795897  1.064068e+01  4.100000e+02  6.847670e-01  2.600000e+02  0.0259529   0.00263372
0.5                    4        3        0.99995      8.867280e+00  4.100000e+02  5.825370e-01  2.600000e+02  0.0216275   0.00224053
0.5                    4        3        0.9949874    9.674728e+00  4.100000e+02  7.414742e-01  2.600000e+02  0.0235969   0.00285182
0.5                    4        3        0.979795897  1.067215e+01  4.100000e+02  9.814731e-01  2.600000e+02  0.0260296   0.0037749
0.5                    4        4        0.99995      8.781561e+00  4.100000e+02  7.228207e-01  2.600000e+02  0.0214184   0.00278008
0.5                    4        4        0.9949874    1.054522e+01  4.100000e+02  1.144244e+00  2.600000e+02  0.02572     0.00440094
0.5                    4        4        0.979795897  1.295626e+01  4.100000e+02  1.781710e+00  2.600000e+02  0.0316006   0.00685273
0.5                    4        5        0.99995      9.088454e+00  4.100000e+02  9.150925e-01  2.600000e+02  0.022167    0.00351959
0.5                    4        5        0.9949874    1.251794e+01  4.100000e+02  1.851127e+00  2.600000e+02  0.0305316   0.00711972
0.5                    4        5        0.979795897  1.768262e+01  4.100000e+02  3.381207e+00  2.600000e+02  0.0431283   0.0130046
0.5                    4        6        0.99995      9.647502e+00  4.100000e+02  1.163672e+00  2.600000e+02  0.0235305   0.00447566
0.5                    4        6        0.9949874    1.574976e+01  4.100000e+02  2.971372e+00  2.600000e+02  0.038414    0.0114284
0.5                    4        6        0.979795897  2.570759e+01  4.100000e+02  6.143983e+00  2.600000e+02  0.0627014   0.0236307
0.5                    4        8        0.99995      1.140426e+01  4.100000e+02  1.849190e+00  2.600000e+02  0.0278153   0.00711227
0.5                    4        8        0.9949874    2.731530e+01  4.100000e+02  6.971252e+00  2.600000e+02  0.0666227   0.0268125
0.5                    4        8        0.979795897  5.506145e+01  4.100000e+02  1.694913e+01  2.600000e+02  0.134296    0.065189
0.5                    6        1        0.99995      3.153323e+01  4.100000e+02  4.632214e-01  2.600000e+02  0.0769103   0.00178162
0.5                    6        1        0.9949874    3.137638e+01  4.100000e+02  8.013180e-01  2.600000e+02  0.0765278   0.00308199
0.5                    6        1        0.979795897  3.091906e+01  4.100000e+02  1.655447e+00  2.600000e+02  0.0754123   0.0063671
0.5                    6        2        0.99995      2.766408e+01  4.100000e+02  1.666888e+00  2.600000e+02  0.0674734   0.00641111
0.5                    6        2        0.9949874    2.925215e+01  4.100000e+02  1.953597e+00  2.600000e+02  0.0713467   0.00751383
0.5                    6        2        0.979795897  3.062938e+01  4.100000e+02  3.453390e+00  2.600000e+02  0.0747058   0.0132823
0.5                    6        3        0.99995      3.364892e+01  4.100000e+02  4.354662e+00  2.600000e+02  0.0820705   0.0167487
0.5                    6        3        0.9949874    3.716775e+01  4.100000e+02  5.006740e+00  2.600000e+02  0.090653    0.0192567
0.5                    6        3        0.979795897  4.134422e+01  4.100000e+02  7.663497e+00  2.600000e+02  0.10084     0.029475
0.5                    6        4        0.99995      4.305783e+01  4.100000e+02  8.255360e+00  2.600000e+02  0.105019    0.0317514
0.5                    6        4        0.9949874    5.142560e+01  4.100000e+02  9.922152e+00  2.600000e+02  0.125428    0.0381621
0.5                    6        4        0.979795897  6.082146e+01  4.100000e+02  1.467551e+01  2.600000e+02  0.148345    0.0564443
0.5                    6        5        0.99995      5.638090e+01  4.100000e+02  1.335566e+01  2.600000e+02  0.137514    0.0513679
0.5                    6        5        0.9949874    7.158979e+01  4.100000e+02  1.693952e+01  2.600000e+02  0.174609    0.065152
0.5                    6        5        0.979795897  8.959044e+01  4.100000e+02  2.515015e+01  2.600000e+02  0.218513    0.0967313
0.5                    6        6        0.99995      7.298908e+01  4.100000e+02  1.967013e+01  2.600000e+02  0.178022    0.0756543
0.5                    6        6        0.9949874    9.829208e+01  4.100000e+02  2.634600e+01  2.600000e+02  0.239737    0.101331
0.5                    6        6        0.979795897  1.294567e+02  4.100000e+02  3.983823e+01  2.600000e+02  0.315748    0.153224
0.5                    6        8        0.99995      1.161076e+02  4.100000e+02  3.602682e+01  2.600000e+02  0.283189    0.138565
0.5                    6        8        0.9949874    1.745236e+02  4.100000e+02  5.358714e+01  2.600000e+02  0.425667    0.206104
0.5                    6        8        0.979795897  2.510016e+02  4.100000e+02  8.521228e+01  2.600000e+02  0.612199    0.32774
0.5                    8        1        0.99995      5.996346e+01  4.100000e+02  4.747536e-01  2.600000e+02  0.146252    0.00182598
0.5                    8        1        0.9949874    5.957796e+01  4.100000e+02  1.914123e+00  2.600000e+02  0.145312    0.00736201
0.5                    8        1        0.979795897  5.843190e+01  4.100000e+02  5.638492e+00  2.600000e+02  0.142517    0.0216865
0.5                    8        2        0.99995      6.379390e+01  4.100000e+02  4.473537e+00  2.600000e+02  0.155595    0.0172059
0.5                    8        2        0.9949874    6.735816e+01  4.100000e+02  5.574983e+00  2.600000e+02  0.164288    0.0214422
0.5                    8        2        0.979795897  7.045033e+01  4.100000e+02  1.146234e+01  2.600000e+02  0.17183     0.0440859
0.5                    8        3        0.99995      8.616817e+01  4.100000e+02  1.332535e+01  2.600000e+02  0.210166    0.0512513
0.5                    8        3        0.9949874    9.514950e+01  4.100000e+02  1.487498e+01  2.600000e+02  0.232072    0.0572115
0.5                    8        3        0.979795897  1.044637e+02  4.100000e+02  2.376014e+01  2.600000e+02  0.25479     0.0913852
0.5                    8        4        0.99995      1.196956e+02  4.100000e+02  2.610496e+01  2.600000e+02  0.29194     0.100404
0.5                    8        4        0.9949874    1.371893e+02  4.100000e+02  2.924446e+01  2.600000e+02  0.334608    0.112479
0.5                    8        4        0.979795897  1.566374e+02  4.100000e+02  4.276574e+01  2.600000e+02  0.382042    0.164484
0.5                    8        5        0.99995      1.635672e+02  4.100000e+02  4.273398e+01  2.600000e+02  0.398944    0.164361
0.5                    8        5        0.9949874    1.939044e+02  4.100000e+02  4.901511e+01  2.600000e+02  0.472938    0.18852
0.5                    8        5        0.979795897  2.290357e+02  4.100000e+02  6.947068e+01  2.600000e+02  0.558624    0.267195
0.5                    8        6        0.99995      2.176688e+02  4.100000e+02  6.322500e+01  2.600000e+02  0.5309      0.243173
0.5                    8        6        0.9949874    2.663967e+02  4.100000e+02  7.463738e+01  2.600000e+02  0.649748    0.287067
0.5                    8        6        0.979795897  3.244659e+02  4.100000e+02  1.050056e+02  2.600000e+02  0.79138     0.403868
0.5                    8        8        0.99995      3.567510e+02  4.100000e+02  1.159296e+02  2.600000e+02  0.870124    0.445883
0.5                    8        8        0.9949874    4.639035e+02  4.100000e+02  1.454212e+02  2.600000e+02  1.13147     0.559312
0.5                    8        8        0.979795897  5.969996e+02  4.100000e+02  2.074840e+02  2.600000e+02  1.4561      0.798015
.70710678118654752440  2        1        0.99995      1.902655e+01  4.100000e+02  9.139252e-01  2.600000e+02  0.0464062   0.0035151
.70710678118654752440  2        1        0.9949874    1.915772e+01  4.100000e+02  1.525382e+00  2.600000e+02  0.0467261   0.00586685
.70710678118654752440  2        1        0.979795897  1.955599e+01  4.100000e+02  3.305405e+00  2.600000e+02  0.0476975   0.0127131
.70710678118654752440  2        2        0.99995      1.587492e+01  4.100000e+02  2.867523e+00  2.600000e+02  0.0387193   0.0110289
.70710678118654752440  2        2        0.9949874    1.590589e+01  4.100000e+02  2.723575e+00  2.600000e+02  0.0387949   0.0104753
.70710678118654752440  2        2        0.979795897  1.629881e+01  4.100000e+02  4.077894e+00  2.600000e+02  0.0397532   0.0156842
.70710678118654752440  2        3        0.99995      1.863251e+01  4.100000e+02  7.118594e+00  2.600000e+02  0.0454451   0.0273792
.70710678118654752440  2        3        0.9949874    1.767432e+01  4.100000e+02  5.485338e+00  2.600000e+02  0.0431081   0.0210975
.70710678118654752440  2        3        0.979795897  1.722377e+01  4.100000e+02  5.859752e+00  2.600000e+02  0.0420092   0.0225375
.70710678118654752440  2        4        0.99995      2.351177e+01  4.100000e+02  1.311364e+01  2.600000e+02  0.0573458   0.0504371
.70710678118654752440  2        4        0.9949874    2.034850e+01  4.100000e+02  8.753563e+00  2.600000e+02  0.0496305   0.0336675
.70710678118654752440  2        4        0.979795897  1.810819e+01  4.100000e+02  7.282219e+00  2.600000e+02  0.0441663   0.0280085
.70710678118654752440  2        5        0.99995      3.007951e+01  4.100000e+02  2.073405e+01  2.600000e+02  0.0733647   0.0797463
.70710678118654752440  2        5        0.9949874    2.319703e+01  4.100000e+02  1.207436e+01  2.600000e+02  0.0565781   0.0464398
.70710678118654752440  2        5        0.979795897  1.821614e+01  4.100000e+02  7.878299e+00  2.600000e+02  0.0444296   0.0303011
.70710678118654752440  2        6        0.99995      3.804735e+01  4.100000e+02  2.990770e+01  2.600000e+02  0.0927984   0.11503
.70710678118654752440  2        6        0.9949874    2.586509e+01  4.100000e+02  1.511370e+01  2.600000e+02  0.0630856   0.0581296
.70710678118654752440  2        6        0.979795897  1.739018e+01  4.100000e+02  7.491921e+00  2.600000e+02  0.0424151   0.0288151
.70710678118654752440  2        8        0.99995      5.796176e+01  4.100000e+02  5.267219e+01  2.600000e+02  0.14137     0.202585
.70710678118654752440  2        8        0.9949874    2.973671e+01  4.100000e+02  1.938475e+01  2.600000e+02  0.0725286   0.0745567
.70710678118654752440  2        8        0.979795897  1.347155e+01  4.100000e+02  4.439877e+00  2.600000e+02  0.0328574   0.0170764
.70710678118654752440  3        1        0.99995      1.585052e+01  4.100000e+02  9.098613e-01  2.600000e+02  0.0386598   0.00349947
.70710678118654752440  3        1        0.9949874    1.591616e+01  4.100000e+02  1.125414e+00  2.600000e+02  0.0388199   0.00432852
.70710678118654752440  3        1        0.979795897  1.612089e+01  4.100000e+02  1.784767e+00  2.600000e+02  0.0393192   0.00686449
.70710678118654752440  3        2        0.99995      1.120258e+01  4.100000e+02  1.151185e+00  2.600000e+02  0.0273234   0.00442763
.70710678118654752440  3        2        0.9949874    1.121917e+01  4.100000e+02  1.200697e+00  2.600000e+02  0.0273638   0.00461807
.70710678118654752440  3        2        0.979795897  1.139816e+01  4.100000e+02  1.714479e+00  2.600000e+02  0.0278004   0.00659415
.70710678118654752440  3        3        0.99995      1.077266e+01  4.100000e+02  1.677608e+00  2.600000e+02  0.0262748   0.00645234
.70710678118654752440  3        3        0.9949874    1.048060e+01  4.100000e+02  1.336691e+00  2.600000e+02  0.0255624   0.00514112
.70710678118654752440  3        3        0.979795897  1.047790e+01  4.100000e+02  1.621610e+00  2.600000e+02  0.0255559   0.00623696
.70710678118654752440  3        4        0.99995      1.110671e+01  4.100000e+02  2.397339e+00  2.600000e+02  0.0270895   0.00922053
.70710678118654752440  3        4        0.9949874    1.021278e+01  4.100000e+02  1.366625e+00  2.600000e+02  0.0249092   0.00525625
.70710678118654752440  3        4        0.979795897  1.005526e+01  4.100000e+02  1.467469e+00  2.600000e+02  0.024525    0.00564411
.70710678118654752440  3        5        0.99995      1.177146e+01  4.100000e+02  3.282176e+00  2.600000e+02  0.0287109   0.0126238
.70710678118654752440  3        5        0.9949874    9.988814e+00  4.100000e+02  1.276816e+00  2.600000e+02  0.024363    0.00491083
.70710678118654752440  3        5        0.979795897  1.007270e+01  4.100000e+02  1.591660e+00  2.600000e+02  0.0245676   0.00612177
.70710678118654752440  3        6        0.99995      1.265483e+01  4.100000e+02  4.311096e+00  2.600000e+02  0.0308654   0.0165811
.70710678118654752440  3        6        0.9949874    9.762005e+00  4.100000e+02  1.125605e+00  2.600000e+02  0.0238098   0.00432925
.70710678118654752440  3        6        0.979795897  1.102166e+01  4.100000e+02  2.590860e+00  2.600000e+02  0.0268821   0.00996485
.70710678118654752440  3        8        0.99995      1.493218e+01  4.100000e+02  6.726327e+00  2.600000e+02  0.03642     0.0258705
.70710678118654752440  3        8        0.9949874    9.704781e+00  4.100000e+02  1.199682e+00  2.600000e+02  0.0236702   0.00461416
.70710678118654752440  3        8        0.979795897  1.946721e+01  4.100000e+02  1.084317e+01  2.600000e+02  0.047481    0.0417045
.70710678118654752440  4        1        0.99995      1.785950e+01  4.100000e+02  9.081318e-01  2.600000e+02  0.0435598   0.00349281
.70710678118654752440  4        1        0.9949874    1.784382e+01  4.100000e+02  9.528772e-01  2.600000e+02  0.0435215   0.00366491
.70710678118654752440  4        1        0.979795897  1.780687e+01  4.100000e+02  1.103209e+00  2.600000e+02  0.0434314   0.00424311
.70710678118654752440  4        2        0.99995      1.317811e+01  4.100000e+02  1.059857e+00  2.600000e+02  0.0321417   0.00407637
.70710678118654752440  4        2        0.9949874    1.352982e+01  4.100000e+02  1.160965e+00  2.600000e+02  0.0329996   0.00446525
.70710678118654752440  4        2        0.979795897  1.385417e+01  4.100000e+02  1.297060e+00  2.600000e+02  0.0337907   0.00498869
.70710678118654752440  4        3        0.99995      1.263896e+01  4.100000e+02  1.428822e+00  2.600000e+02  0.0308267   0.00549547
.70710678118654752440  4        3        0.9949874    1.366010e+01  4.100000e+02  1.933675e+00  2.600000e+02  0.0333173   0.00743721
.70710678118654752440  4        3        0.979795897  1.482381e+01  4.100000e+02  2.458323e+00  2.600000e+02  0.0361556   0.00945509
.70710678118654752440  4        4        0.99995      1.284342e+01  4.100000e+02  1.991636e+00  2.600000e+02  0.0313254   0.00766014
.70710678118654752440  4        4        0.9949874    1.515496e+01  4.100000e+02  3.545667e+00  2.600000e+02  0.0369633   0.0136372
.70710678118654752440  4        4        0.979795897  1.824752e+01  4.100000e+02  5.409821e+00  2.600000e+02  0.0445061   0.020807
.70710678118654752440  4        5        0.99995      1.341126e+01  4.100000e+02  2.761498e+00  2.600000e+02  0.0327104   0.0106211
.70710678118654752440  4        5        0.9949874    1.800043e+01  4.100000e+02  6.363074e+00  2.600000e+02  0.0439035   0.0244734
.70710678118654752440  4        5        0.979795897  2.493583e+01  4.100000e+02  1.123320e+01  2.600000e+02  0.0608191   0.0432046
.70710678118654752440  4        6        0.99995      1.424882e+01  4.100000e+02  3.756239e+00  2.600000e+02  0.0347532   0.0144471
.70710678118654752440  4        6        0.9949874    2.256764e+01  4.100000e+02  1.082054e+01  2.600000e+02  0.055043    0.0416175
.70710678118654752440  4        6        0.979795897  3.495033e+01  4.100000e+02  2.126043e+01  2.600000e+02  0.0852447   0.0817709
.70710678118654752440  4        8        0.99995      1.682737e+01  4.100000e+02  6.498736e+00  2.600000e+02  0.0410424   0.0249951
.70710678118654752440  4        8        0.9949874    3.724474e+01  4.100000e+02  2.672014e+01  2.600000e+02  0.0908408   0.10277
.70710678118654752440  4        8        0.979795897  7.462543e+01  4.100000e+02  6.049369e+01  2.600000e+02  0.182013    0.232668
.70710678118654752440  6        1        0.99995      3.773498e+01  4.100000e+02  9.116756e-01  2.600000e+02  0.0920365   0.00350644
.70710678118654752440  6        1        0.9949874    3.743601e+01  4.100000e+02  1.290096e+00  2.600000e+02  0.0913073   0.00496191
.70710678118654752440  6        1        0.979795897  3.656231e+01  4.100000e+02  2.257330e+00  2.600000e+02  0.0891764   0.00868204
.70710678118654752440  6        2        0.99995      3.625788e+01  4.100000e+02  5.752232e+00  2.600000e+02  0.0884339   0.022124
.70710678118654752440  6        2        0.9949874    3.817915e+01  4.100000e+02  5.530942e+00  2.600000e+02  0.0931199   0.0212729
.70710678118654752440  6        2        0.979795897  3.970762e+01  4.100000e+02  6.300214e+00  2.600000e+02  0.0968479   0.0242316
.70710678118654752440  6        3        0.99995      4.499360e+01  4.100000e+02  1.650785e+01  2.600000e+02  0.10974     0.0634917
.70710678118654752440  6        3        0.9949874    5.031659e+01  4.100000e+02  1.736454e+01  2.600000e+02  0.122723    0.0667867
.70710678118654752440  6        3        0.979795897  5.571451e+01  4.100000e+02  1.935632e+01  2.600000e+02  0.135889    0.0744474
.70710678118654752440  6        4        0.99995      5.854265e+01  4.100000e+02  3.211204e+01  2.600000e+02  0.142787    0.123508
.70710678118654752440  6        4        0.9949874    6.964335e+01  4.100000e+02  3.660169e+01  2.600000e+02  0.169862    0.140776
.70710678118654752440  6        4        0.979795897  8.200045e+01  4.100000e+02  4.256583e+01  2.600000e+02  0.200001    0.163715
.70710678118654752440  6        5        0.99995      7.645314e+01  4.100000e+02  5.251373e+01  2.600000e+02  0.186471    0.201976
.70710678118654752440  6        5        0.9949874    9.667533e+01  4.100000e+02  6.418698e+01  2.600000e+02  0.235793    0.246873
.70710678118654752440  6        5        0.979795897  1.205055e+02  4.100000e+02  7.830083e+01  2.600000e+02  0.293916    0.301157
.70710678118654752440  6        6        0.99995      9.867691e+01  4.100000e+02  7.777177e+01  2.600000e+02  0.240675    0.299122
.70710678118654752440  6        6        0.9949874    1.323579e+02  4.100000e+02  1.012595e+02  2.600000e+02  0.322824    0.38946
.70710678118654752440  6        6        0.979795897  1.737400e+02  4.100000e+02  1.293115e+02  2.600000e+02  0.423756    0.497352
.70710678118654752440  6        8        0.99995      1.562474e+02  4.100000e+02  1.431984e+02  2.600000e+02  0.381091    0.550763
.70710678118654752440  6        8        0.9949874    2.340791e+02  4.100000e+02  2.088776e+02  2.600000e+02  0.570925    0.803375
.70710678118654752440  6        8        0.979795897  3.358790e+02  4.100000e+02  2.895364e+02  2.600000e+02  0.819217    1.1136
.70710678118654752440  8        1        0.99995      7.498364e+01  4.100000e+02  9.245566e-01  2.600000e+02  0.182887    0.00355599
.70710678118654752440  8        1        0.9949874    7.441330e+01  4.100000e+02  2.537037e+00  2.600000e+02  0.181496    0.00975783
.70710678118654752440  8        1        0.979795897  7.271451e+01  4.100000e+02  6.767768e+00  2.600000e+02  0.177352    0.0260299
.70710678118654752440  8        2        0.99995      8.497078e+01  4.100000e+02  1.694465e+01  2.600000e+02  0.207246    0.0651717
.70710678118654752440  8        2        0.9949874    8.966680e+01  4.100000e+02  1.583351e+01  2.600000e+02  0.2187      0.0608981
.70710678118654752440  8        2        0.979795897  9.361897e+01  4.100000e+02  1.908736e+01  2.600000e+02  0.228339    0.0734129
.70710678118654752440  8        3        0.99995      1.157068e+02  4.100000e+02  5.235568e+01  2.600000e+02  0.282212    0.201368
.70710678118654752440  8        3        0.9949874    1.276256e+02  4.100000e+02  5.177793e+01  2.600000e+02  0.311282    0.199146
.70710678118654752440  8        3        0.979795897  1.398739e+02  4.100000e+02  5.655373e+01  2.600000e+02  0.341156    0.217514
.70710678118654752440  8        4        0.99995      1.607264e+02  4.100000e+02  1.034749e+02  2.600000e+02  0.392016    0.39798
.70710678118654752440  8        4        0.9949874    1.839950e+02  4.100000e+02  1.079216e+02  2.600000e+02  0.448768    0.415083
.70710678118654752440  8        4        0.979795897  2.097551e+02  4.100000e+02  1.187502e+02  2.600000e+02  0.511598    0.456732
.70710678118654752440  8        5        0.99995      2.193681e+02  4.100000e+02  1.699907e+02  2.600000e+02  0.535044    0.65381
.70710678118654752440  8        5        0.9949874    2.597615e+02  4.100000e+02  1.855461e+02  2.600000e+02  0.633565    0.713639
.70710678118654752440  8        5        0.979795897  3.064325e+02  4.100000e+02  2.090812e+02  2.600000e+02  0.747396    0.804158
.70710678118654752440  8        6        0.99995      2.915833e+02  4.100000e+02  2.519543e+02  2.600000e+02  0.711179    0.969055
.70710678118654752440  8        6        0.9949874    3.564974e+02  4.100000e+02  2.864306e+02  2.600000e+02  0.869506    1.10166
.70710678118654752440  8        6        0.979795897  4.337523e+02  4.100000e+02  3.316450e+02  2.600000e+02  1.05793     1.27556
.70710678118654752440  8        8        0.99995      4.771051e+02  4.100000e+02  4.627711e+02  2.600000e+02  1.16367     1.77989
.70710678118654752440  8        8        0.9949874    6.199188e+02  4.100000e+02  5.658573e+02  2.600000e+02  1.512       2.17637
.70710678118654752440  8        8        0.979795897  7.972096e+02  4.100000e+02  6.915681e+02  2.600000e+02  1.94441     2.65988
