sinp                   lambda3  tanbeta  sinbma       BR(A->Ha)     BR(H->hh)     BR(a->chi+chi)  Xsec       effective    Xsec  (Xsec*BR)
0.1                    2        1        0.99995      3.962842e-06  8.497200e-01  9.999882e-01    0.59349    1.99844e-06
0.1                    2        1        0.9949874    3.972587e-04  9.954445e-01  9.999882e-01    0.59492    0.000235258
0.1                    2        1        0.979795897  1.594278e-03  9.964242e-01  9.999882e-01    0.59419    0.000943906
0.1                    2        2        0.99995      5.471562e-02  7.138941e-01  9.999971e-01    0.14896    0.00581853
0.1                    2        2        0.9949874    4.428118e-02  9.948938e-01  9.999971e-01    0.14838    0.00653687
0.1                    2        2        0.979795897  3.341313e-02  9.973907e-01  9.999971e-01    0.14846    0.00494756
0.1                    2        3        0.99995      1.637656e-01  5.034872e-01  9.999987e-01    0.066134   0.005453
0.1                    2        3        0.9949874    1.419879e-01  9.916483e-01  9.999987e-01    0.066106   0.00930785
0.1                    2        3        0.979795897  1.176617e-01  9.972853e-01  9.999987e-01    0.066111   0.00775761
0.1                    2        4        0.99995      2.843909e-01  3.550065e-01  9.999993e-01    0.037246   0.00376038
0.1                    2        4        0.9949874    2.530156e-01  9.875164e-01  9.999993e-01    0.037226   0.00930117
0.1                    2        4        0.979795897  2.163758e-01  9.969445e-01  9.999993e-01    0.037185   0.00802134
0.1                    2        5        0.99995      3.967332e-01  2.583969e-01  9.999995e-01    0.023844   0.00244436
0.1                    2        5        0.9949874    3.572790e-01  9.829558e-01  9.999995e-01    0.023775   0.00834953
0.1                    2        5        0.979795897  3.099290e-01  9.965245e-01  9.999995e-01    0.023773   0.00734233
0.1                    2        6        0.99995      4.938416e-01  1.948202e-01  9.999997e-01    0.016527   0.00159007
0.1                    2        6        0.9949874    4.485124e-01  9.782044e-01  9.999997e-01    0.016557   0.00726416
0.1                    2        6        0.979795897  3.926791e-01  9.960834e-01  9.999997e-01    0.016484   0.00644757
0.1                    2        8        0.99995      6.405863e-01  1.212381e-01  9.999998e-01    0.0093119  0.000723194
0.1                    2        8        0.9949874    5.890387e-01  9.686571e-01  9.999998e-01    0.0092962  0.00530419
0.1                    2        8        0.979795897  5.221745e-01  9.952281e-01  9.999998e-01    0.0093008  0.00483346
0.1                    3        1        0.99995      3.129686e-06  8.279381e-01  9.999882e-01    0.59386    1.53878e-06
0.1                    3        1        0.9949874    3.138960e-04  9.946624e-01  9.999882e-01    0.59497    0.00018576
0.1                    3        1        0.979795897  1.261580e-03  9.958159e-01  9.999882e-01    0.59465    0.000747051
0.1                    3        2        0.99995      4.718125e-02  7.044450e-01  9.999971e-01    0.14892    0.00494958
0.1                    3        2        0.9949874    3.848855e-02  9.943267e-01  9.999971e-01    0.1487     0.00569076
0.1                    3        2        0.979795897  2.927399e-02  9.969780e-01  9.999971e-01    0.14897    0.00434775
0.1                    3        3        0.99995      1.435261e-01  5.006993e-01  9.999987e-01    0.066181   0.00475599
0.1                    3        3        0.9949874    1.247563e-01  9.912007e-01  9.999987e-01    0.06609    0.00817258
0.1                    3        3        0.979795897  1.036928e-01  9.969636e-01  9.999987e-01    0.0659     0.0068126
0.1                    3        4        0.99995      2.538049e-01  3.547412e-01  9.999993e-01    0.037107   0.00334093
0.1                    3        4        0.9949874    2.254685e-01  9.871705e-01  9.999993e-01    0.03718    0.00827536
0.1                    3        4        0.979795897  1.926673e-01  9.966840e-01  9.999993e-01    0.037096   0.00712348
0.1                    3        5        0.99995      3.601796e-01  2.589774e-01  9.999995e-01    0.023812   0.00222114
0.1                    3        5        0.9949874    3.232989e-01  9.827032e-01  9.999995e-01    0.023764   0.00754998
0.1                    3        5        0.979795897  2.795938e-01  9.963098e-01  9.999995e-01    0.02371    0.0066047
0.1                    3        6        0.99995      4.551139e-01  1.956345e-01  9.999997e-01    0.016528   0.00147159
0.1                    3        6        0.9949874    4.114559e-01  9.780387e-01  9.999997e-01    0.016514   0.00664556
0.1                    3        6        0.979795897  3.585068e-01  9.959047e-01  9.999997e-01    0.016492   0.00588828
0.1                    3        8        0.99995      6.041159e-01  1.220122e-01  9.999998e-01    0.0092707  0.000683339
0.1                    3        8        0.9949874    5.521422e-01  9.686497e-01  9.999998e-01    0.0093189  0.00498405
0.1                    3        8        0.979795897  4.859585e-01  9.951035e-01  9.999998e-01    0.009305   0.0044997
0.1                    4        1        0.99995      2.384761e-06  8.014823e-01  9.999882e-01    0.59562    1.13842e-06
0.1                    4        1        0.9949874    2.393410e-04  9.936576e-01  9.999882e-01    0.59567    0.000141662
0.1                    4        1        0.979795897  9.638111e-04  9.950349e-01  9.999882e-01    0.59261    0.000568322
0.1                    4        2        0.99995      3.994804e-02  6.924915e-01  9.999971e-01    0.14858    0.00411026
0.1                    4        2        0.9949874    3.281200e-02  9.935934e-01  9.999971e-01    0.14888    0.00485374
0.1                    4        2        0.979795897  2.527747e-02  9.964443e-01  9.999971e-01    0.14838    0.00373732
0.1                    4        3        0.99995      1.235387e-01  4.969186e-01  9.999987e-01    0.065924   0.00404698
0.1                    4        3        0.9949874    1.076944e-01  9.906155e-01  9.999987e-01    0.06615    0.00705712
0.1                    4        3        0.979795897  8.975096e-02  9.965446e-01  9.999987e-01    0.065932   0.00589701
0.1                    4        4        0.99995      2.223989e-01  3.541675e-01  9.999993e-01    0.037208   0.00293074
0.1                    4        4        0.9949874    1.965766e-01  9.867108e-01  9.999993e-01    0.03735    0.00724456
0.1                    4        4        0.979795897  1.674026e-01  9.963421e-01  9.999993e-01    0.037108   0.00618925
0.1                    4        5        0.99995      3.212958e-01  2.595276e-01  9.999995e-01    0.023773   0.00198231
0.1                    4        5        0.9949874    2.872092e-01  9.823579e-01  9.999995e-01    0.023781   0.00670962
0.1                    4        5        0.979795897  2.474338e-01  9.960255e-01  9.999995e-01    0.023766   0.00585714
0.1                    4        6        0.99995      4.126001e-01  1.965255e-01  9.999997e-01    0.01651    0.00133874
0.1                    4        6        0.9949874    3.708499e-01  9.777999e-01  9.999997e-01    0.01649    0.00597955
0.1                    4        6        0.979795897  3.211549e-01  9.956657e-01  9.999997e-01    0.016504   0.00527737
0.1                    4        8        0.99995      5.620490e-01  1.229080e-01  9.999998e-01    0.0092882  0.000641632
0.1                    4        8        0.9949874    5.095995e-01  9.686047e-01  9.999998e-01    0.0092937  0.00458737
0.1                    4        8        0.979795897  4.442787e-01  9.949323e-01  9.999998e-01    0.0092819  0.00410285
0.1                    6        1        0.99995      1.180112e-06  7.291394e-01  9.999882e-01    0.5935     5.10681e-07
0.1                    6        1        0.9949874    1.187001e-04  9.905528e-01  9.999882e-01    0.5953     6.99938e-05
0.1                    6        1        0.979795897  4.811252e-04  9.926255e-01  9.999882e-01    0.59519    0.000284246
0.1                    6        2        0.99995      2.675137e-02  6.571719e-01  9.999971e-01    0.14895    0.00261857
0.1                    6        2        0.9949874    2.238305e-02  9.913006e-01  9.999971e-01    0.14883    0.00330228
0.1                    6        2        0.979795897  1.774528e-02  9.947741e-01  9.999971e-01    0.14883    0.00262722
0.1                    6        3        0.99995      8.519197e-02  4.844313e-01  9.999987e-01    0.06603    0.00272503
0.1                    6        3        0.9949874    7.450673e-02  9.887530e-01  9.999987e-01    0.065735   0.00484261
0.1                    6        3        0.979795897  6.274792e-02  9.952160e-01  9.999987e-01    0.066056   0.00412504
0.1                    6        4        0.99995      1.586789e-01  3.512716e-01  9.999993e-01    0.03713    0.0020696
0.1                    6        4        0.9949874    1.399517e-01  9.852077e-01  9.999993e-01    0.037111   0.00511692
0.1                    6        4        0.979795897  1.191550e-01  9.952421e-01  9.999993e-01    0.037045   0.00439309
0.1                    6        5        0.99995      2.382380e-01  2.602549e-01  9.999995e-01    0.023825   0.00147721
0.1                    6        5        0.9949874    2.104417e-01  9.811810e-01  9.999995e-01    0.023864   0.00492747
0.1                    6        5        0.979795897  1.787072e-01  9.950957e-01  9.999995e-01    0.023807   0.00423361
0.1                    6        6        0.99995      3.169319e-01  1.985031e-01  9.999997e-01    0.016501   0.00103811
0.1                    6        6        0.9949874    2.799771e-01  9.769259e-01  9.999997e-01    0.016531   0.00452151
0.1                    6        6        0.979795897  2.381267e-01  9.948695e-01  9.999997e-01    0.016545   0.00391959
0.1                    6        8        0.99995      4.587157e-01  1.251843e-01  9.999998e-01    0.009304   0.000534273
0.1                    6        8        0.9949874    4.055966e-01  9.682809e-01  9.999998e-01    0.0092734  0.00364196
0.1                    6        8        0.979795897  3.432074e-01  9.943348e-01  9.999998e-01    0.0092895  0.00317016
0.1                    8        1        0.99995      3.842761e-07  6.180540e-01  9.999882e-01    0.59475    1.41253e-07
0.1                    8        1        0.9949874    3.886760e-05  9.844368e-01  9.999882e-01    0.59547    2.2784e-05
0.1                    8        1        0.979795897  1.601595e-04  9.878913e-01  9.999882e-01    0.59523    9.41763e-05
0.1                    8        2        0.99995      1.571956e-02  5.951760e-01  9.999971e-01    0.14901    0.00139412
0.1                    8        2        0.9949874    1.355224e-02  9.866944e-01  9.999971e-01    0.14879    0.0019896
0.1                    8        2        0.979795897  1.124099e-02  9.914045e-01  9.999971e-01    0.14826    0.00165226
0.1                    8        3        0.99995      5.126931e-02  4.587865e-01  9.999987e-01    0.065927   0.00155071
0.1                    8        3        0.9949874    4.507833e-02  9.849128e-01  9.999987e-01    0.066109   0.00293512
0.1                    8        3        0.979795897  3.846800e-02  9.924722e-01  9.999987e-01    0.066091   0.00252325
0.1                    8        4        0.99995      9.858136e-02  3.428723e-01  9.999993e-01    0.037209   0.00125769
0.1                    8        4        0.9949874    8.619044e-02  9.819957e-01  9.999993e-01    0.03724    0.00315194
0.1                    8        4        0.979795897  7.309154e-02  9.929140e-01  9.999993e-01    0.037251   0.00270344
0.1                    8        5        0.99995      1.531691e-01  2.591654e-01  9.999995e-01    0.023779   0.000943934
0.1                    8        5        0.9949874    1.325906e-01  9.785349e-01  9.999995e-01    0.023806   0.0030887
0.1                    8        5        0.979795897  1.109431e-01  9.930746e-01  9.999995e-01    0.023838   0.00262634
0.1                    8        6        0.99995      2.117938e-01  2.003477e-01  9.999997e-01    0.016486   0.00069954
0.1                    8        6        0.9949874    1.812202e-01  9.748034e-01  9.999997e-01    0.016526   0.00291938
0.1                    8        6        0.979795897  1.493367e-01  9.930869e-01  9.999997e-01    0.016518   0.00244969
0.1                    8        8        0.99995      3.289591e-01  1.283729e-01  9.999998e-01    0.0092957  0.000392552
0.1                    8        8        0.9949874    2.773557e-01  9.671099e-01  9.999998e-01    0.0092676  0.00248588
0.1                    8        8        0.979795897  2.216634e-01  9.929000e-01  9.999998e-01    0.009305   0.00204793
0.2                    2        1        0.99995      1.362317e-05  6.690293e-01  9.999515e-01    0.57737    5.26207e-06
0.2                    2        1        0.9949874    1.366038e-03  9.914179e-01  9.999515e-01    0.57641    0.000780603
0.2                    2        1        0.979795897  5.499525e-03  9.946508e-01  9.999515e-01    0.5773     0.00315774
0.2                    2        2        0.99995      1.584128e-01  1.700004e-01  9.999879e-01    0.14382    0.00387306
0.2                    2        2        0.9949874    1.280235e-01  9.665659e-01  9.999879e-01    0.14407    0.0178275
0.2                    2        2        0.979795897  9.636939e-02  9.928097e-01  9.999879e-01    0.14479    0.0138528
0.2                    2        3        0.99995      3.899021e-01  6.489816e-02  9.999946e-01    0.063949   0.00161815
0.2                    2        3        0.9949874    3.409526e-01  9.140264e-01  9.999946e-01    0.063997   0.0199439
0.2                    2        3        0.979795897  2.849721e-01  9.837799e-01  9.999946e-01    0.064207   0.0180003
0.2                    2        4        0.99995      5.624419e-01  3.476315e-02  9.999970e-01    0.03609    0.000705639
0.2                    2        4        0.9949874    5.060237e-01  8.574455e-01  9.999970e-01    0.03591    0.0155809
0.2                    2        4        0.979795897  4.379037e-01  9.739196e-01  9.999970e-01    0.036107   0.015399
0.2                    2        5        0.99995      6.792967e-01  2.190313e-02  9.999981e-01    0.023039   0.00034279
0.2                    2        5        0.9949874    6.214244e-01  8.031542e-01  9.999981e-01    0.023064   0.0115112
0.2                    2        5        0.979795897  5.482851e-01  9.643560e-01  9.999981e-01    0.02305    0.0121875
0.2                    2        6        0.99995      7.579951e-01  1.517673e-02  9.999987e-01    0.015995   0.000184004
0.2                    2        6        0.9949874    7.013650e-01  7.534865e-01  9.999987e-01    0.015979   0.0084444
0.2                    2        6        0.979795897  6.268309e-01  9.554395e-01  9.999987e-01    0.015981   0.00957099
0.2                    2        8        0.99995      8.505427e-01  8.637245e-03  9.999992e-01    0.0089754  6.59363e-05
0.2                    2        8        0.9949874    7.987753e-01  6.697574e-01  9.999992e-01    0.0089965  0.00481299
0.2                    2        8        0.979795897  7.256798e-01  9.398308e-01  9.999992e-01    0.0090158  0.00614892
0.2                    3        1        0.99995      1.107901e-05  6.324404e-01  9.999515e-01    0.57747    4.04603e-06
0.2                    3        1        0.9949874    1.111331e-03  9.900927e-01  9.999515e-01    0.57747    0.000635371
0.2                    3        1        0.979795897  4.477495e-03  9.939024e-01  9.999515e-01    0.57714    0.00256826
0.2                    3        2        0.99995      1.430907e-01  1.690700e-01  9.999879e-01    0.14437    0.00349261
0.2                    3        2        0.9949874    1.164424e-01  9.658580e-01  9.999879e-01    0.14393    0.0161872
0.2                    3        2        0.979795897  8.853346e-02  9.923462e-01  9.999879e-01    0.14424    0.0126722
0.2                    3        3        0.99995      3.615724e-01  6.516645e-02  9.999946e-01    0.063926   0.00150624
0.2                    3        3        0.9949874    3.166535e-01  9.140146e-01  9.999946e-01    0.063933   0.0185038
0.2                    3        3        0.979795897  2.653727e-01  9.835281e-01  9.999946e-01    0.064008   0.0167061
0.2                    3        4        0.99995      5.328125e-01  3.500075e-02  9.999970e-01    0.035932   0.000670088
0.2                    3        4        0.9949874    4.792246e-01  8.580463e-01  9.999970e-01    0.035984   0.0147965
0.2                    3        4        0.979795897  4.148145e-01  9.738447e-01  9.999970e-01    0.036029   0.0145544
0.2                    3        5        0.99995      6.528580e-01  2.207777e-02  9.999981e-01    0.023087   0.000332767
0.2                    3        5        0.9949874    5.965511e-01  8.042520e-01  9.999981e-01    0.023058   0.0110627
0.2                    3        5        0.979795897  5.258154e-01  9.644339e-01  9.999981e-01    0.023069   0.0116986
0.2                    3        6        0.99995      7.356223e-01  1.530670e-02  9.999987e-01    0.015992   0.000180069
0.2                    3        6        0.9949874    6.796042e-01  7.549724e-01  9.999987e-01    0.015977   0.00819751
0.2                    3        6        0.979795897  6.063628e-01  9.556522e-01  9.999987e-01    0.016033   0.00929066
0.2                    3        8        0.99995      8.349775e-01  8.716130e-03  9.999992e-01    0.0090156  6.56134e-05
0.2                    3        8        0.9949874    7.827401e-01  6.717689e-01  9.999992e-01    0.0090104  0.00473785
0.2                    3        8        0.979795897  7.094648e-01  9.402746e-01  9.999992e-01    0.0090154  0.00601409
0.2                    4        1        0.99995      8.670253e-06  5.908327e-01  9.999515e-01    0.57503    2.94555e-06
0.2                    4        1        0.9949874    8.698566e-04  9.883919e-01  9.999515e-01    0.57634    0.00049549
0.2                    4        1        0.979795897  3.503367e-03  9.929415e-01  9.999515e-01    0.57701    0.00200711
0.2                    4        2        0.99995      1.274098e-01  1.677506e-01  9.999879e-01    0.14426    0.00308324
0.2                    4        2        0.9949874    1.044298e-01  9.649137e-01  9.999879e-01    0.1441     0.0145202
0.2                    4        2        0.979795897  7.997474e-02  9.917415e-01  9.999879e-01    0.14419    0.0114362
0.2                    4        3        0.99995      3.298124e-01  6.545043e-02  9.999946e-01    0.064062   0.00138286
0.2                    4        3        0.9949874    2.893072e-01  9.139128e-01  9.999946e-01    0.064154   0.0169623
0.2                    4        3        0.979795897  2.432058e-01  9.831835e-01  9.999946e-01    0.063996   0.0153024
0.2                    4        4        0.99995      4.980144e-01  3.527488e-02  9.999970e-01    0.03609    0.000634005
0.2                    4        4        0.9949874    4.476272e-01  8.586877e-01  9.999970e-01    0.036083   0.0138693
0.2                    4        4        0.979795897  3.874729e-01  9.737166e-01  9.999970e-01    0.035949   0.0135631
0.2                    4        5        0.99995      6.207934e-01  2.228320e-02  9.999981e-01    0.023      0.000318164
0.2                    4        5        0.9949874    5.662259e-01  8.054994e-01  9.999981e-01    0.023086   0.0105294
0.2                    4        5        0.979795897  4.982753e-01  9.644930e-01  9.999981e-01    0.023135   0.0111183
0.2                    4        6        0.99995      7.078831e-01  1.546085e-02  9.999987e-01    0.016041   0.00017556
0.2                    4        6        0.9949874    6.524257e-01  7.566962e-01  9.999987e-01    0.016026   0.00791183
0.2                    4        6        0.979795897  5.806162e-01  9.558766e-01  9.999987e-01    0.016031   0.00889715
0.2                    4        8        0.99995      8.151584e-01  8.810373e-03  9.999992e-01    0.0089995  6.4633e-05
0.2                    4        8        0.9949874    7.620695e-01  6.741452e-01  9.999992e-01    0.0090166  0.00463223
0.2                    4        8        0.979795897  6.883086e-01  9.407842e-01  9.999992e-01    0.0090475  0.0058587
0.2                    6        1        0.99995      4.468788e-06  4.906117e-01  9.999515e-01    0.57832    1.26787e-06
0.2                    6        1        0.9949874    4.494349e-04  9.831501e-01  9.999515e-01    0.57792    0.000255348
0.2                    6        1        0.979795897  1.821511e-03  9.899772e-01  9.999515e-01    0.57687    0.00104019
0.2                    6        2        0.99995      9.255848e-02  1.631474e-01  9.999879e-01    0.14441    0.00218066
0.2                    6        2        0.9949874    7.750312e-02  9.618214e-01  9.999879e-01    0.14421    0.0107499
0.2                    6        2        0.979795897  6.146989e-02  9.898232e-01  9.999879e-01    0.14401    0.00876208
0.2                    6        3        0.99995      2.561599e-01  6.602390e-02  9.999946e-01    0.064031   0.00108293
0.2                    6        3        0.9949874    2.255427e-01  9.131656e-01  9.999946e-01    0.063933   0.0131674
0.2                    6        3        0.979795897  1.911303e-01  9.820076e-01  9.999946e-01    0.064103   0.0120315
0.2                    6        4        0.99995      4.101959e-01  3.596664e-02  9.999970e-01    0.036039   0.000531695
0.2                    6        4        0.9949874    3.675076e-01  8.600207e-01  9.999970e-01    0.03597    0.0113688
0.2                    6        4        0.979795897  3.177677e-01  9.731555e-01  9.999970e-01    0.036006   0.0111344
0.2                    6        5        0.99995      5.346338e-01  2.282435e-02  9.999981e-01    0.02314    0.000282369
0.2                    6        5        0.9949874    4.842018e-01  8.085458e-01  9.999981e-01    0.023065   0.00902991
0.2                    6        5        0.979795897  4.233086e-01  9.644636e-01  9.999981e-01    0.023119   0.00943868
0.2                    6        6        0.99995      6.298847e-01  1.587424e-02  9.999987e-01    0.016048   0.000160463
0.2                    6        6        0.9949874    5.752300e-01  7.611061e-01  9.999987e-01    0.015977   0.0069949
0.2                    6        6        0.979795897  5.068070e-01  9.563192e-01  9.999987e-01    0.015975   0.00774258
0.2                    6        8        0.99995      7.561412e-01  9.067032e-03  9.999992e-01    0.0089713  6.15068e-05
0.2                    6        8        0.9949874    6.992978e-01  6.804650e-01  9.999992e-01    0.008983   0.00427454
0.2                    6        8        0.979795897  6.228632e-01  9.420497e-01  9.999992e-01    0.0090398  0.00530426
0.2                    8        1        0.99995      1.497878e-06  3.667377e-01  9.999515e-01    0.57671    3.16788e-07
0.2                    8        1        0.9949874    1.514886e-04  9.728869e-01  9.999515e-01    0.57594    8.48787e-05
0.2                    8        1        0.979795897  6.241226e-04  9.841574e-01  9.999515e-01    0.57565    0.000353567
0.2                    8        2        0.99995      5.806415e-02  1.532512e-01  9.999879e-01    0.14419    0.00128304
0.2                    8        2        0.9949874    5.009726e-02  9.552641e-01  9.999879e-01    0.14416    0.00689885
0.2                    8        2        0.979795897  4.157663e-02  9.858876e-01  9.999879e-01    0.14434    0.00591641
0.2                    8        3        0.99995      1.721596e-01  6.635141e-02  9.999946e-01    0.063996   0.000731024
0.2                    8        3        0.9949874    1.523585e-01  9.105448e-01  9.999946e-01    0.06393    0.00886891
0.2                    8        3        0.979795897  1.307842e-01  9.793615e-01  9.999946e-01    0.064365   0.00824415
0.2                    8        4        0.99995      2.963860e-01  3.691853e-02  9.999970e-01    0.036112   0.000395141
0.2                    8        4        0.9949874    2.634221e-01  8.609334e-01  9.999970e-01    0.036099   0.00818683
0.2                    8        4        0.979795897  2.268741e-01  9.715708e-01  9.999970e-01    0.036023   0.00794032
0.2                    8        5        0.99995      4.103943e-01  2.364677e-02  9.999981e-01    0.02301    0.0002233
0.2                    8        5        0.9949874    3.655734e-01  8.124250e-01  9.999981e-01    0.023016   0.00683576
0.2                    8        5        0.979795897  3.146492e-01  9.638002e-01  9.999981e-01    0.023108   0.00700769
0.2                    8        6        0.99995      5.076966e-01  1.652723e-02  9.999987e-01    0.016016   0.000134387
0.2                    8        6        0.9949874    4.534623e-01  7.674005e-01  9.999987e-01    0.016036   0.00558032
0.2                    8        6        0.979795897  3.898775e-01  9.564806e-01  9.999987e-01    0.016071   0.00599303
0.2                    8        8        0.99995      6.526812e-01  9.485811e-03  9.999992e-01    0.009026   5.58818e-05
0.2                    8        8        0.9949874    5.868865e-01  6.902768e-01  9.999992e-01    0.0090103  0.0036502
0.2                    8        8        0.979795897  5.037215e-01  9.436787e-01  9.999992e-01    0.0090388  0.0042966
0.3                    2        1        0.99995      2.354078e-05  4.934230e-01  9.998849e-01    0.5465     6.34717e-06
0.3                    2        1        0.9949874    2.360984e-03  9.825711e-01  9.998849e-01    0.54533    0.00126493
0.3                    2        1        0.979795897  9.524992e-03  9.892534e-01  9.998849e-01    0.54606    0.00514473
0.3                    2        2        0.99995      2.498939e-01  4.085972e-02  9.999712e-01    0.13702    0.00139902
0.3                    2        2        0.9949874    2.027784e-01  8.656853e-01  9.999712e-01    0.13658    0.0239749
0.3                    2        2        0.979795897  1.533027e-01  9.749109e-01  9.999712e-01    0.13616    0.0203494
0.3                    2        3        0.99995      5.229830e-01  1.374426e-02  9.999872e-01    0.060697   0.000436285
0.3                    2        3        0.9949874    4.587783e-01  6.854147e-01  9.999872e-01    0.060788   0.0191147
0.3                    2        3        0.979795897  3.847503e-01  9.303039e-01  9.999872e-01    0.060741   0.021741
0.3                    2        4        0.99995      6.865626e-01  7.122070e-03  9.999928e-01    0.03417    0.000167081
0.3                    2        4        0.9949874    6.208146e-01  5.475240e-01  9.999928e-01    0.034104   0.0115922
0.3                    2        4        0.979795897  5.401654e-01  8.861049e-01  9.999928e-01    0.034243   0.0163901
0.3                    2        5        0.99995      7.823239e-01  4.426089e-03  9.999954e-01    0.021849   7.56548e-05
0.3                    2        5        0.9949874    7.198291e-01  4.490241e-01  9.999954e-01    0.021856   0.00706428
0.3                    2        5        0.979795897  6.391816e-01  8.466221e-01  9.999954e-01    0.021849   0.0118234
0.3                    2        6        0.99995      8.411921e-01  3.045162e-03  9.999968e-01    0.015184   3.88947e-05
0.3                    2        6        0.9949874    7.829843e-01  3.782410e-01  9.999968e-01    0.01518    0.00449565
0.3                    2        6        0.979795897  7.045097e-01  8.123697e-01  9.999968e-01    0.015182   0.00868897
0.3                    2        8        0.99995      9.054130e-01  1.721242e-03  9.999982e-01    0.0085291  1.3292e-05
0.3                    2        8        0.9949874    8.550709e-01  2.868823e-01  9.999982e-01    0.0085543  0.00209841
0.3                    2        8        0.979795897  7.820354e-01  7.575201e-01  9.999982e-01    0.0085135  0.00504345
0.3                    3        1        0.99995      2.069561e-05  4.533825e-01  9.998849e-01    0.54806    5.14187e-06
0.3                    3        1        0.9949874    2.076557e-03  9.803807e-01  9.998849e-01    0.54749    0.00111446
0.3                    3        1        0.979795897  8.364224e-03  9.882891e-01  9.998849e-01    0.54673    0.0045189
0.3                    3        2        0.99995      2.339477e-01  4.095018e-02  9.999712e-01    0.13668    0.00130938
0.3                    3        2        0.9949874    1.909919e-01  8.654566e-01  9.999712e-01    0.13689    0.0226266
0.3                    3        2        0.979795897  1.457054e-01  9.744992e-01  9.999712e-01    0.13654    0.0193867
0.3                    3        3        0.99995      5.021890e-01  1.384501e-02  9.999872e-01    0.06064    0.000421613
0.3                    3        3        0.9949874    4.414607e-01  6.868291e-01  9.999872e-01    0.060746   0.0184184
0.3                    3        3        0.979795897  3.714044e-01  9.305082e-01  9.999872e-01    0.060689   0.0209735
0.3                    3        4        0.99995      6.687485e-01  7.183046e-03  9.999928e-01    0.034137   0.000163981
0.3                    3        4        0.9949874    6.051643e-01  5.495962e-01  9.999928e-01    0.034255   0.011393
0.3                    3        4        0.979795897  5.272211e-01  8.868125e-01  9.999928e-01    0.03418    0.0159806
0.3                    3        5        0.99995      7.682957e-01  4.466179e-03  9.999954e-01    0.021862   7.50157e-05
0.3                    3        5        0.9949874    7.070508e-01  4.512733e-01  9.999954e-01    0.02182    0.00696214
0.3                    3        5        0.979795897  6.280934e-01  8.477302e-01  9.999954e-01    0.021947   0.0116857
0.3                    3        6        0.99995      8.302402e-01  3.073512e-03  9.999968e-01    0.015195   3.87738e-05
0.3                    3        6        0.9949874    7.727192e-01  3.804727e-01  9.999968e-01    0.015192   0.00446641
0.3                    3        6        0.979795897  6.952404e-01  8.137998e-01  9.999968e-01    0.015147   0.00856994
0.3                    3        8        0.99995      8.984624e-01  1.737681e-03  9.999982e-01    0.0085464  1.3343e-05
0.3                    3        8        0.9949874    8.482440e-01  2.889201e-01  9.999982e-01    0.0085267  0.00208968
0.3                    3        8        0.979795897  7.754083e-01  7.594400e-01  9.999982e-01    0.0085208  0.00501769
0.3                    4        1        0.99995      1.672406e-05  4.104891e-01  9.998849e-01    0.54596    3.74761e-06
0.3                    4        1        0.9949874    1.678764e-03  9.775736e-01  9.998849e-01    0.54528    0.000894764
0.3                    4        1        0.979795897  6.769503e-03  9.870499e-01  9.998849e-01    0.54631    0.00364993
0.3                    4        2        0.99995      2.154296e-01  4.102610e-02  9.999712e-01    0.13696    0.00121045
0.3                    4        2        0.9949874    1.771342e-01  8.650316e-01  9.999712e-01    0.13689    0.0209746
0.3                    4        2        0.979795897  1.365883e-01  9.739388e-01  9.999712e-01    0.13691    0.0182124
0.3                    4        3        0.99995      4.765818e-01  1.396204e-02  9.999872e-01    0.060609   0.00040329
0.3                    4        3        0.9949874    4.199135e-01  6.884196e-01  9.999872e-01    0.060834   0.0175855
0.3                    4        3        0.979795897  3.545633e-01  9.306943e-01  9.999872e-01    0.060638   0.0200097
0.3                    4        4        0.99995      6.460617e-01  7.255277e-03  9.999928e-01    0.034105   0.000159861
0.3                    4        4        0.9949874    5.849941e-01  5.520164e-01  9.999928e-01    0.03429    0.0110731
0.3                    4        4        0.979795897  5.102913e-01  8.876108e-01  9.999928e-01    0.034152   0.0154687
0.3                    4        5        0.99995      7.500765e-01  4.513985e-03  9.999954e-01    0.021872   7.40546e-05
0.3                    4        5        0.9949874    6.902094e-01  4.539349e-01  9.999954e-01    0.021885   0.00685676
0.3                    4        5        0.979795897  6.132288e-01  8.490185e-01  9.999954e-01    0.021875   0.011389
0.3                    4        6        0.99995      8.158420e-01  3.107428e-03  9.999968e-01    0.015213   3.85674e-05
0.3                    4        6        0.9949874    7.589809e-01  3.831332e-01  9.999968e-01    0.015131   0.00439994
0.3                    4        6        0.979795897  6.825857e-01  8.154853e-01  9.999968e-01    0.015143   0.00842915
0.3                    4        8        0.99995      8.891995e-01  1.757407e-03  9.999982e-01    0.0085226  1.33181e-05
0.3                    4        8        0.9949874    8.389195e-01  2.913712e-01  9.999982e-01    0.0085465  0.00208908
0.3                    4        8        0.979795897  7.661185e-01  7.617380e-01  9.999982e-01    0.0085215  0.00497298
0.3                    6        1        0.99995      9.220948e-06  3.172833e-01  9.998849e-01    0.54819    1.60363e-06
0.3                    6        1        0.9949874    9.272587e-04  9.689565e-01  9.998849e-01    0.54677    0.000491202
0.3                    6        1        0.979795897  3.757683e-03  9.832239e-01  9.998849e-01    0.54492    0.00201305
0.3                    6        2        0.99995      1.690515e-01  4.106085e-02  9.999712e-01    0.13674    0.000949139
0.3                    6        2        0.9949874    1.413194e-01  8.630714e-01  9.999712e-01    0.13685    0.0166909
0.3                    6        2        0.979795897  1.119275e-01  9.720473e-01  9.999712e-01    0.13637    0.0148365
0.3                    6        3        0.99995      4.066975e-01  1.426191e-02  9.999872e-01    0.060638   0.000351713
0.3                    6        3        0.9949874    3.602248e-01  6.922112e-01  9.999872e-01    0.060858   0.0151748
0.3                    6        3        0.979795897  3.069607e-01  9.308860e-01  9.999872e-01    0.060597   0.0173151
0.3                    6        4        0.99995      5.796375e-01  7.448474e-03  9.999928e-01    0.034241   0.000147832
0.3                    6        4        0.9949874    5.249064e-01  5.583000e-01  9.999928e-01    0.034111   0.00999634
0.3                    6        4        0.979795897  4.587957e-01  8.895240e-01  9.999928e-01    0.034182   0.0139499
0.3                    6        5        0.99995      6.943684e-01  4.643680e-03  9.999954e-01    0.02189    7.05823e-05
0.3                    6        5        0.9949874    6.375616e-01  4.610403e-01  9.999954e-01    0.021858   0.00642495
0.3                    6        5        0.979795897  5.655938e-01  8.523277e-01  9.999954e-01    0.02193    0.0105718
0.3                    6        6        0.99995      7.705780e-01  3.200068e-03  9.999968e-01    0.015227   3.75482e-05
0.3                    6        6        0.9949874    7.145650e-01  3.903456e-01  9.999968e-01    0.015194   0.00423801
0.3                    6        6        0.979795897  6.404197e-01  8.199440e-01  9.999968e-01    0.015224   0.00799422
0.3                    6        8        0.99995      8.591416e-01  1.811642e-03  9.999982e-01    0.0085433  1.32973e-05
0.3                    6        8        0.9949874    8.074024e-01  2.981416e-01  9.999982e-01    0.0085221  0.00205144
0.3                    6        8        0.979795897  7.333557e-01  7.680171e-01  9.999982e-01    0.0085676  0.00482552
0.3                    8        1        0.99995      3.228988e-06  2.184932e-01  9.998849e-01    0.54693    3.85821e-07
0.3                    8        1        0.9949874    3.264759e-04  9.522440e-01  9.998849e-01    0.54819    0.000170404
0.3                    8        1        0.979795897  1.344726e-03  9.757118e-01  9.998849e-01    0.54477    0.000714691
0.3                    8        2        0.99995      1.157172e-01  4.061869e-02  9.999712e-01    0.1369     0.00064345
0.3                    8        2        0.9949874    9.994438e-02  8.575327e-01  9.999712e-01    0.137      0.0117413
0.3                    8        2        0.979795897  8.295863e-02  9.678796e-01  9.999712e-01    0.13676    0.0109807
0.3                    8        3        0.99995      3.058480e-01  1.468991e-02  9.999872e-01    0.060816   0.000273235
0.3                    8        3        0.9949874    2.726132e-01  6.967420e-01  9.999872e-01    0.060864   0.0115604
0.3                    8        3        0.979795897  2.354281e-01  9.302313e-01  9.999872e-01    0.060829   0.0133215
0.3                    8        4        0.99995      4.704893e-01  7.751968e-03  9.999928e-01    0.034177   0.00012465
0.3                    8        4        0.9949874    4.243407e-01  5.675773e-01  9.999928e-01    0.03416    0.00822725
0.3                    8        4        0.979795897  3.707089e-01  8.918206e-01  9.999928e-01    0.034147   0.0112891
0.3                    8        5        0.99995      5.945123e-01  4.853623e-03  9.999954e-01    0.021924   6.32623e-05
0.3                    8        5        0.9949874    5.408220e-01  4.721656e-01  9.999954e-01    0.021866   0.00558362
0.3                    8        5        0.979795897  4.757244e-01  8.570763e-01  9.999954e-01    0.021841   0.00890524
0.3                    8        6        0.99995      6.845341e-01  3.352169e-03  9.999968e-01    0.015157   3.47803e-05
0.3                    8        6        0.9949874    6.272259e-01  4.019990e-01  9.999968e-01    0.015184   0.00382855
0.3                    8        6        0.979795897  5.546051e-01  8.267705e-01  9.999968e-01    0.015195   0.00696736
0.3                    8        8        0.99995      7.978573e-01  1.901882e-03  9.999982e-01    0.0085575  1.29854e-05
0.3                    8        8        0.9949874    7.394797e-01  3.095016e-01  9.999982e-01    0.0085556  0.00195812
0.3                    8        8        0.979795897  6.587056e-01  7.782998e-01  9.999982e-01    0.0085405  0.00437845
0.5                    2        1        0.99995      2.593799e-05  2.668430e-01  9.996122e-01    0.45097    3.12012e-06
0.5                    2        1        0.9949874    2.615980e-03  9.381180e-01  9.996122e-01    0.4508     0.00110588
0.5                    2        1        0.979795897  1.073910e-02  9.528864e-01  9.996122e-01    0.44996    0.00460272
0.5                    2        2        0.99995      3.476864e-01  5.637139e-03  9.999030e-01    0.11295    0.000221356
0.5                    2        2        0.9949874    2.822044e-01  4.670108e-01  9.999030e-01    0.11266    0.0148463
0.5                    2        2        0.979795897  2.134650e-01  8.507170e-01  9.999030e-01    0.11287    0.020495
0.5                    2        3        0.99995      6.322042e-01  1.817891e-03  9.999569e-01    0.049924   5.73741e-05
0.5                    2        3        0.9949874    5.560455e-01  2.225687e-01  9.999569e-01    0.050001   0.00618777
0.5                    2        3        0.979795897  4.676441e-01  6.410300e-01  9.999569e-01    0.050139   0.0150297
0.5                    2        4        0.99995      7.728676e-01  9.326859e-04  9.999758e-01    0.028221   2.03424e-05
0.5                    2        4        0.9949874    7.013228e-01  1.363597e-01  9.999758e-01    0.028115   0.00268863
0.5                    2        4        0.979795897  6.125654e-01  5.058406e-01  9.999758e-01    0.028152   0.00872298
0.5                    2        5        0.99995      8.473452e-01  5.773158e-04  9.999845e-01    0.018044   8.82673e-06
0.5                    2        5        0.9949874    7.825269e-01  9.588385e-02  9.999845e-01    0.018035   0.00135318
0.5                    2        5        0.979795897  6.977163e-01  4.192368e-01  9.999845e-01    0.017947   0.00524957
0.5                    2        6        0.99995      8.906479e-01  3.963883e-04  9.999892e-01    0.012538   4.4264e-06
0.5                    2        6        0.9949874    8.319675e-01  7.326736e-02  9.999892e-01    0.012474   0.000760358
0.5                    2        6        0.979795897  7.516425e-01  3.608444e-01  9.999892e-01    0.012522   0.00339626
0.5                    2        8        0.99995      9.359576e-01  2.236204e-04  9.999939e-01    0.0070279  1.47092e-06
0.5                    2        8        0.9949874    8.866849e-01  4.962618e-02  9.999939e-01    0.007047   0.000310086
0.5                    2        8        0.979795897  8.140212e-01  2.889003e-01  9.999939e-01    0.0070481  0.0016575
0.5                    3        1        0.99995      2.529677e-05  2.368286e-01  9.996122e-01    0.45067    2.69892e-06
0.5                    3        1        0.9949874    2.548875e-03  9.336077e-01  9.996122e-01    0.44939    0.00106898
0.5                    3        1        0.979795897  1.043251e-02  9.514084e-01  9.996122e-01    0.45101    0.0044748
0.5                    3        2        0.99995      3.401929e-01  5.677038e-03  9.999030e-01    0.11263    0.0002175
0.5                    3        2        0.9949874    2.778546e-01  4.686610e-01  9.999030e-01    0.11218    0.0146066
0.5                    3        2        0.979795897  2.120992e-01  8.512765e-01  9.999030e-01    0.11236    0.0202852
0.5                    3        3        0.99995      6.252727e-01  1.834203e-03  9.999569e-01    0.049948   5.72817e-05
0.5                    3        3        0.9949874    5.514885e-01  2.241573e-01  9.999569e-01    0.049955   0.00617518
0.5                    3        3        0.979795897  4.655824e-01  6.431350e-01  9.999569e-01    0.050007   0.0149731
0.5                    3        4        0.99995      7.678815e-01  9.414573e-04  9.999758e-01    0.028185   2.03752e-05
0.5                    3        4        0.9949874    6.979875e-01  1.375015e-01  9.999758e-01    0.02817    0.00270353
0.5                    3        4        0.979795897  6.110216e-01  5.083346e-01  9.999758e-01    0.028172   0.00875011
0.5                    3        5        0.99995      8.437810e-01  5.828440e-04  9.999845e-01    0.017999   8.85164e-06
0.5                    3        5        0.9949874    7.801694e-01  9.674366e-02  9.999845e-01    0.017994   0.0013581
0.5                    3        5        0.979795897  6.966688e-01  4.217620e-01  9.999845e-01    0.018037   0.0052997
0.5                    3        6        0.99995      8.880250e-01  4.002182e-04  9.999892e-01    0.01253    4.45316e-06
0.5                    3        6        0.9949874    8.302735e-01  7.395062e-02  9.999892e-01    0.01252    0.00076871
0.5                    3        6        0.979795897  7.509364e-01  3.633054e-01  9.999892e-01    0.012507   0.00341211
0.5                    3        8        0.99995      9.344014e-01  2.257997e-04  9.999939e-01    0.0070442  1.48623e-06
0.5                    3        8        0.9949874    8.857428e-01  5.011164e-02  9.999939e-01    0.0070534  0.00031307
0.5                    3        8        0.979795897  8.136749e-01  2.912080e-01  9.999939e-01    0.0070271  0.00166505
0.5                    4        1        0.99995      2.372914e-05  2.068660e-01  9.996122e-01    0.44987    2.20744e-06
0.5                    4        1        0.9949874    2.388839e-03  9.278519e-01  9.996122e-01    0.45084    0.000998894
0.5                    4        1        0.979795897  9.751810e-03  9.494990e-01  9.996122e-01    0.45112    0.00417545
0.5                    4        2        0.99995      3.296905e-01  5.723085e-03  9.999030e-01    0.11233    0.000211929
0.5                    4        2        0.9949874    2.712750e-01  4.705125e-01  9.999030e-01    0.11251    0.0143592
0.5                    4        2        0.979795897  2.093195e-01  8.518335e-01  9.999030e-01    0.11263    0.0200806
0.5                    4        3        0.99995      6.151401e-01  1.853619e-03  9.999569e-01    0.050003   5.70127e-05
0.5                    4        3        0.9949874    5.442929e-01  2.260402e-01  9.999569e-01    0.050118   0.00616586
0.5                    4        3        0.979795897  4.615525e-01  6.455959e-01  9.999569e-01    0.049954   0.0148845
0.5                    4        4        0.99995      7.604536e-01  9.519573e-04  9.999758e-01    0.028091   2.03351e-05
0.5                    4        4        0.9949874    6.925407e-01  1.388690e-01  9.999758e-01    0.02815    0.00270719
0.5                    4        4        0.979795897  6.077975e-01  5.113015e-01  9.999758e-01    0.02821    0.00876655
0.5                    4        5        0.99995      8.384165e-01  5.894761e-04  9.999845e-01    0.018042   8.9167e-06
0.5                    4        5        0.9949874    7.762050e-01  9.777862e-02  9.999845e-01    0.018028   0.00136824
0.5                    4        5        0.979795897  6.942844e-01  4.247929e-01  9.999845e-01    0.017996   0.00530743
0.5                    4        6        0.99995      8.840515e-01  4.048185e-04  9.999892e-01    0.012495   4.47167e-06
0.5                    4        6        0.9949874    8.273441e-01  7.477579e-02  9.999892e-01    0.012549   0.000776339
0.5                    4        6        0.979795897  7.491617e-01  3.662780e-01  9.999892e-01    0.012483   0.00342532
0.5                    4        8        0.99995      9.320242e-01  2.284204e-04  9.999939e-01    0.0070339  1.49746e-06
0.5                    4        8        0.9949874    8.840187e-01  5.070076e-02  9.999939e-01    0.007028   0.000314996
0.5                    4        8        0.979795897  8.125974e-01  2.940236e-01  9.999939e-01    0.0070217  0.00167763
0.5                    6        1        0.99995      1.720687e-05  1.485200e-01  9.996122e-01    0.45163    1.15372e-06
0.5                    6        1        0.9949874    1.732715e-03  9.103730e-01  9.996122e-01    0.44956    0.000708869
0.5                    6        1        0.979795897  7.061398e-03  9.435614e-01  9.996122e-01    0.44945    0.00299346
0.5                    6        2        0.99995      2.951688e-01  5.839359e-03  9.999030e-01    0.11301    0.000194765
0.5                    6        2        0.9949874    2.476989e-01  4.748975e-01  9.999030e-01    0.11274    0.0132605
0.5                    6        2        0.979795897  1.966983e-01  8.527521e-01  9.999030e-01    0.11242    0.0188549
0.5                    6        3        0.99995      5.788930e-01  1.906093e-03  9.999569e-01    0.050102   5.52814e-05
0.5                    6        3        0.9949874    5.162792e-01  2.310834e-01  9.999569e-01    0.050065   0.00597267
0.5                    6        3        0.979795897  4.428219e-01  6.519986e-01  9.999569e-01    0.050144   0.0144769
0.5                    6        4        0.99995      7.328113e-01  9.806746e-04  9.999758e-01    0.02824    2.02942e-05
0.5                    6        4        0.9949874    6.701483e-01  1.426129e-01  9.999758e-01    0.028172   0.00269238
0.5                    6        4        0.979795897  5.917038e-01  5.193098e-01  9.999758e-01    0.028178   0.00865826
0.5                    6        5        0.99995      8.180233e-01  6.076999e-04  9.999845e-01    0.018045   8.97026e-06
0.5                    6        5        0.9949874    7.592321e-01  1.006417e-01  9.999845e-01    0.017975   0.00137346
0.5                    6        5        0.979795897  6.815177e-01  4.331264e-01  9.999845e-01    0.018034   0.00532325
0.5                    6        6        0.99995      8.687473e-01  4.174898e-04  9.999892e-01    0.012514   4.53869e-06
0.5                    6        6        0.9949874    8.143650e-01  7.707429e-02  9.999892e-01    0.012501   0.000784637
0.5                    6        6        0.979795897  7.390052e-01  3.745601e-01  9.999892e-01    0.012457   0.00344808
0.5                    6        8        0.99995      9.227251e-01  2.356580e-04  9.999939e-01    0.0070614  1.53547e-06
0.5                    6        8        0.9949874    8.759034e-01  5.235854e-02  9.999939e-01    0.0070253  0.000322185
0.5                    6        8        0.979795897  8.056703e-01  3.020362e-01  9.999939e-01    0.0070435  0.00171397
0.5                    8        1        0.99995      7.497370e-06  9.510412e-02  9.996122e-01    0.45111    3.21531e-07
0.5                    8        1        0.9949874    7.580650e-04  8.773528e-01  9.996122e-01    0.4501     0.000299241
0.5                    8        1        0.979795897  3.123469e-03  9.318368e-01  9.996122e-01    0.45217    0.00131556
0.5                    8        2        0.99995      2.333488e-01  5.999574e-03  9.999030e-01    0.11257    0.000157582
0.5                    8        2        0.9949874    2.019621e-01  4.800224e-01  9.999030e-01    0.11258    0.0109132
0.5                    8        2        0.979795897  1.677894e-01  8.524579e-01  9.999030e-01    0.11262    0.0161069
0.5                    8        3        0.99995      5.025267e-01  1.990358e-03  9.999569e-01    0.050055   5.00633e-05
0.5                    8        3        0.9949874    4.527399e-01  2.390292e-01  9.999569e-01    0.050008   0.00541154
0.5                    8        3        0.979795897  3.947638e-01  6.614945e-01  9.999569e-01    0.050093   0.0130804
0.5                    8        4        0.99995      6.694918e-01  1.027954e-03  9.999758e-01    0.028212   1.94152e-05
0.5                    8        4        0.9949874    6.142113e-01  1.487845e-01  9.999758e-01    0.02816    0.00257334
0.5                    8        4        0.979795897  5.458595e-01  5.321327e-01  9.999758e-01    0.02814    0.00817362
0.5                    8        5        0.99995      7.690832e-01  6.379919e-04  9.999845e-01    0.018077   8.86968e-06
0.5                    8        5        0.9949874    7.140060e-01  1.054624e-01  9.999845e-01    0.018073   0.00136089
0.5                    8        5        0.979795897  6.420526e-01  4.469771e-01  9.999845e-01    0.018067   0.00518484
0.5                    8        6        0.99995      8.309610e-01  4.386580e-04  9.999892e-01    0.012542   4.57161e-06
0.5                    8        6        0.9949874    7.780701e-01  8.099883e-02  9.999892e-01    0.012528   0.000789541
0.5                    8        6        0.979795897  7.054211e-01  3.886980e-01  9.999892e-01    0.012503   0.00342823
0.5                    8        8        0.99995      8.990145e-01  2.478127e-04  9.999939e-01    0.0070396  1.56832e-06
0.5                    8        8        0.9949874    8.514788e-01  5.524813e-02  9.999939e-01    0.0070185  0.000330167
0.5                    8        8        0.979795897  7.801584e-01  3.163188e-01  9.999939e-01    0.0070325  0.00173546
.70710678118654752440  2        1        0.99995      5.387959e-05  1.540091e-01  9.988375e-01    0.30159    2.49967e-06
.70710678118654752440  2        1        0.9949874    5.398892e-03  8.334854e-01  9.988375e-01    0.30116    0.00135361
.70710678118654752440  2        1        0.979795897  2.172624e-02  8.518854e-01  9.988375e-01    0.29968    0.00554011
.70710678118654752440  2        2        0.99995      3.853422e-01  1.425833e-03  9.997091e-01    0.075098   4.12494e-05
.70710678118654752440  2        2        0.9949874    3.128157e-01  1.813752e-01  9.997091e-01    0.0752     0.00426538
.70710678118654752440  2        2        0.979795897  2.367076e-01  5.932103e-01  9.997091e-01    0.07487    0.01051
.70710678118654752440  2        3        0.99995      6.666593e-01  4.561576e-04  9.998707e-01    0.033361   1.01438e-05
.70710678118654752440  2        3        0.9949874    5.868543e-01  6.699260e-02  9.998707e-01    0.033335   0.00131039
.70710678118654752440  2        3        0.979795897  4.940461e-01  3.098581e-01  9.998707e-01    0.033442   0.00511878
.70710678118654752440  2        4        0.99995      7.975937e-01  2.336097e-04  9.999273e-01    0.018728   3.48925e-06
.70710678118654752440  2        4        0.9949874    7.245076e-01  3.803121e-02  9.999273e-01    0.018755   0.000516736
.70710678118654752440  2        4        0.979795897  6.335581e-01  2.041983e-01  9.999273e-01    0.018733   0.00242334
.70710678118654752440  2        5        0.99995      8.650463e-01  1.444952e-04  9.999534e-01    0.012005   1.5005e-06
.70710678118654752440  2        5        0.9949874    7.996865e-01  2.585238e-02  9.999534e-01    0.012039   0.00024888
.70710678118654752440  2        5        0.979795897  7.138512e-01  1.530850e-01  9.999534e-01    0.012024   0.00131392
.70710678118654752440  2        6        0.99995      9.037169e-01  9.917474e-05  9.999677e-01    0.0083661  7.49795e-07
.70710678118654752440  2        6        0.9949874    8.449783e-01  1.939416e-02  9.999677e-01    0.0083499  0.000136831
.70710678118654752440  2        6        0.979795897  7.642507e-01  1.238009e-01  9.999677e-01    0.0083508  0.000790085
.70710678118654752440  2        8        0.99995      9.437818e-01  5.592941e-05  9.999818e-01    0.0046953  2.47838e-07
.70710678118654752440  2        8        0.9949874    8.948202e-01  1.289072e-02  9.999818e-01    0.0046985  5.41956e-05
.70710678118654752440  2        8        0.979795897  8.223074e-01  9.225379e-02  9.999818e-01    0.0046901  0.000355789
.70710678118654752440  3        1        0.99995      4.899130e-05  1.345848e-01  9.988375e-01    0.30105    1.98266e-06
.70710678118654752440  3        1        0.9949874    4.910351e-03  8.270083e-01  9.988375e-01    0.29975    0.00121584
.70710678118654752440  3        1        0.979795897  1.977571e-02  8.501739e-01  9.988375e-01    0.30083    0.00505191
.70710678118654752440  3        2        0.99995      3.837065e-01  1.437940e-03  9.997091e-01    0.075157   4.14556e-05
.70710678118654752440  3        2        0.9949874    3.134727e-01  1.826776e-01  9.997091e-01    0.075495   0.00432192
.70710678118654752440  3        2        0.979795897  2.393929e-01  5.953199e-01  9.997091e-01    0.075085   0.0106977
.70710678118654752440  3        3        0.99995      6.656472e-01  4.604568e-04  9.998707e-01    0.033251   1.01902e-05
.70710678118654752440  3        3        0.9949874    5.877623e-01  6.760586e-02  9.998707e-01    0.033375   0.00132602
.70710678118654752440  3        3        0.979795897  4.968316e-01  3.120556e-01  9.998707e-01    0.033253   0.00515485
.70710678118654752440  3        4        0.99995      7.970183e-01  2.358602e-04  9.999273e-01    0.018779   3.52991e-06
.70710678118654752440  3        4        0.9949874    7.254457e-01  3.839744e-02  9.999273e-01    0.018737   0.000521886
.70710678118654752440  3        4        0.979795897  6.360130e-01  2.059106e-01  9.999273e-01    0.01878    0.00245928
.70710678118654752440  3        5        0.99995      8.646975e-01  1.458991e-04  9.999534e-01    0.012024   1.51686e-06
.70710678118654752440  3        5        0.9949874    8.005650e-01  2.610704e-02  9.999534e-01    0.012039   0.000251608
.70710678118654752440  3        5        0.979795897  7.159620e-01  1.544751e-01  9.999534e-01    0.012026   0.00132999
.70710678118654752440  3        6        0.99995      9.034926e-01  1.001424e-04  9.999677e-01    0.0083366  7.54254e-07
.70710678118654752440  3        6        0.9949874    8.457787e-01  1.958807e-02  9.999677e-01    0.0083486  0.000138308
.70710678118654752440  3        6        0.979795897  7.660698e-01  1.249854e-01  9.999677e-01    0.0083544  0.000799887
.70710678118654752440  3        8        0.99995      9.436776e-01  5.647738e-05  9.999818e-01    0.0046876  2.49828e-07
.70710678118654752440  3        8        0.9949874    8.954772e-01  1.302266e-02  9.999818e-01    0.0046975  5.47789e-05
.70710678118654752440  3        8        0.979795897  8.236898e-01  9.320738e-02  9.999818e-01    0.0046911  0.000360148
.70710678118654752440  4        1        0.99995      4.322127e-05  1.157804e-01  9.988375e-01    0.30018    1.50041e-06
.70710678118654752440  4        1        0.9949874    4.333757e-03  8.187749e-01  9.988375e-01    0.30093    0.00106657
.70710678118654752440  4        1        0.979795897  1.747445e-02  8.479329e-01  9.988375e-01    0.3005     0.00444738
.70710678118654752440  4        2        0.99995      3.800215e-01  1.452248e-03  9.997091e-01    0.075044   4.14036e-05
.70710678118654752440  4        2        0.9949874    3.128093e-01  1.842052e-01  9.997091e-01    0.074982   0.00431929
.70710678118654752440  4        2        0.979795897  2.414941e-01  5.977403e-01  9.997091e-01    0.075143   0.0108438
.70710678118654752440  4        3        0.99995      6.628300e-01  4.656028e-04  9.998707e-01    0.033336   1.02867e-05
.70710678118654752440  4        3        0.9949874    5.873737e-01  6.834071e-02  9.998707e-01    0.0333     0.00133654
.70710678118654752440  4        3        0.979795897  4.988930e-01  3.146775e-01  9.998707e-01    0.033392   0.00524155
.70710678118654752440  4        4        0.99995      7.951754e-01  2.385613e-04  9.999273e-01    0.018741   3.55487e-06
.70710678118654752440  4        4        0.9949874    7.254513e-01  3.883860e-02  9.999273e-01    0.018719   0.000527379
.70710678118654752440  4        4        0.979795897  6.379316e-01  2.079738e-01  9.999273e-01    0.018765   0.00248943
.70710678118654752440  4        5        0.99995      8.634535e-01  1.475860e-04  9.999534e-01    0.012029   1.53283e-06
.70710678118654752440  4        5        0.9949874    8.007846e-01  2.641471e-02  9.999534e-01    0.011996   0.000253733
.70710678118654752440  4        5        0.979795897  7.176982e-01  1.561600e-01  9.999534e-01    0.012029   0.0013481
.70710678118654752440  4        6        0.99995      9.026137e-01  1.013059e-04  9.999677e-01    0.0083578  7.64213e-07
.70710678118654752440  4        6        0.9949874    8.461017e-01  1.982287e-02  9.999677e-01    0.0083412  0.000139895
.70710678118654752440  4        6        0.979795897  7.676242e-01  1.264277e-01  9.999677e-01    0.0083334  0.000808722
.70710678118654752440  4        8        0.99995      9.431871e-01  5.713676e-05  9.999818e-01    0.0046941  2.52964e-07
.70710678118654752440  4        8        0.9949874    8.958614e-01  1.318304e-02  9.999818e-01    0.0046955  5.54537e-05
.70710678118654752440  4        8        0.979795897  8.249274e-01  9.437828e-02  9.999818e-01    0.0046843  0.000364691
.70710678118654752440  6        1        0.99995      1.512741e-05  8.074656e-02  9.988375e-01    0.30055    3.66691e-07
.70710678118654752440  6        1        0.9949874    1.528297e-03  7.940454e-01  9.988375e-01    0.30044    0.000364171
.70710678118654752440  6        1        0.979795897  6.308160e-03  8.408276e-01  9.988375e-01    0.3005     0.00159202
.70710678118654752440  6        2        0.99995      3.613816e-01  1.490320e-03  9.997091e-01    0.07531    4.05482e-05
.70710678118654752440  6        2        0.9949874    3.035202e-01  1.882050e-01  9.997091e-01    0.07518    0.00429333
.70710678118654752440  6        2        0.979795897  2.412100e-01  6.037823e-01  9.997091e-01    0.075058   0.0109281
.70710678118654752440  6        3        0.99995      6.466491e-01  4.796756e-04  9.998707e-01    0.033489   1.03863e-05
.70710678118654752440  6        3        0.9949874    5.783158e-01  7.035446e-02  9.998707e-01    0.033339   0.00135629
.70710678118654752440  6        3        0.979795897  4.974320e-01  3.217973e-01  9.998707e-01    0.033438   0.0053518
.70710678118654752440  6        4        0.99995      7.838979e-01  2.459904e-04  9.999273e-01    0.018814   3.62767e-06
.70710678118654752440  6        4        0.9949874    7.192593e-01  4.006100e-02  9.999273e-01    0.018845   0.000542965
.70710678118654752440  6        4        0.979795897  6.373473e-01  2.136926e-01  9.999273e-01    0.018747   0.00255309
.70710678118654752440  6        5        0.99995      8.555335e-01  1.522367e-04  9.999534e-01    0.012014   1.56467e-06
.70710678118654752440  6        5        0.9949874    7.966874e-01  2.727250e-02  9.999534e-01    0.012013   0.000261002
.70710678118654752440  6        5        0.979795897  7.178305e-01  1.608882e-01  9.999534e-01    0.01204    0.00139044
.70710678118654752440  6        6        0.99995      8.968512e-01  1.045180e-04  9.999677e-01    0.0083445  7.82164e-07
.70710678118654752440  6        6        0.9949874    8.433559e-01  2.048060e-02  9.999677e-01    0.008346   0.000144151
.70710678118654752440  6        6        0.979795897  7.681651e-01  1.305153e-01  9.999677e-01    0.0083293  0.000835046
.70710678118654752440  6        8        0.99995      9.398175e-01  5.895995e-05  9.999818e-01    0.0046901  2.59881e-07
.70710678118654752440  6        8        0.9949874    8.945664e-01  1.363595e-02  9.999818e-01    0.0046919  5.7232e-05
.70710678118654752440  6        8        0.979795897  8.257307e-01  9.775594e-02  9.999818e-01    0.0046908  0.000378635
.70710678118654752440  8        1        0.99995      9.740932e-06  5.038491e-02  9.988375e-01    0.30074    1.4743e-07
.70710678118654752440  8        1        0.9949874    9.848315e-04  7.486157e-01  9.988375e-01    0.30013    0.000221017
.70710678118654752440  8        1        0.979795897  4.075306e-03  8.265120e-01  9.988375e-01    0.30029    0.00101029
.70710678118654752440  8        2        0.99995      3.123002e-01  1.549475e-03  9.997091e-01    0.075279   3.6417e-05
.70710678118654752440  8        2        0.9949874    2.707264e-01  1.942028e-01  9.997091e-01    0.075136   0.00394919
.70710678118654752440  8        2        0.979795897  2.251722e-01  6.119249e-01  9.997091e-01    0.075011   0.0103326
.70710678118654752440  8        3        0.99995      5.976347e-01  5.028396e-04  9.998707e-01    0.033332   1.00155e-05
.70710678118654752440  8        3        0.9949874    5.413028e-01  7.368060e-02  9.998707e-01    0.033356   0.00133018
.70710678118654752440  8        3        0.979795897  4.744036e-01  3.333388e-01  9.998707e-01    0.033362   0.00527509
.70710678118654752440  8        4        0.99995      7.474595e-01  2.583642e-04  9.999273e-01    0.018744   3.61952e-06
.70710678118654752440  8        4        0.9949874    6.904466e-01  4.212628e-02  9.999273e-01    0.018754   0.000545438
.70710678118654752440  8        4        0.979795897  6.180486e-01  2.233571e-01  9.999273e-01    0.018722   0.0025843
.70710678118654752440  8        5        0.99995      8.290160e-01  1.600209e-04  9.999534e-01    0.012017   1.5941e-06
.70710678118654752440  8        5        0.9949874    7.751573e-01  2.874009e-02  9.999534e-01    0.012023   0.000267837
.70710678118654752440  8        5        0.979795897  7.026905e-01  1.690810e-01  9.999534e-01    0.011991   0.0014246
.70710678118654752440  8        6        0.99995      8.771106e-01  1.099088e-04  9.999677e-01    0.0083486  8.04797e-07
.70710678118654752440  8        6        0.9949874    8.270239e-01  2.161675e-02  9.999677e-01    0.00833    0.000148915
.70710678118654752440  8        6        0.979795897  7.561247e-01  1.377429e-01  9.999677e-01    0.0083414  0.000868735
.70710678118654752440  8        8        0.99995      9.279257e-01  6.202950e-05  9.999818e-01    0.0046947  2.70216e-07
.70710678118654752440  8        8        0.9949874    8.844175e-01  1.443120e-02  9.999818e-01    0.0046953  5.9926e-05
.70710678118654752440  8        8        0.979795897  8.172846e-01  1.039519e-01  9.999818e-01    0.0047003  0.000399322
