sinp                   lambda3  tanbeta  sinbma       BR(A->Ha)     BR(H->hh)     BR(a->chi+chi)  Xsec      effective    Xsec  (Xsec*BR)
0.1                    2        1        0.99995      1.452394e-07  1.502457e-01  9.999882e-01    10.437    2.27749e-07
0.1                    2        1        0.9949874    1.516691e-05  8.751585e-01  9.999882e-01    10.463    0.000138878
0.1                    2        1        0.979795897  6.868226e-05  9.034606e-01  9.999882e-01    10.433    0.000647378
0.1                    2        2        0.99995      1.178500e-02  1.955767e-01  9.999971e-01    2.6145    0.00602607
0.1                    2        2        0.9949874    9.172707e-03  8.943267e-01  9.999971e-01    2.6132    0.0214371
0.1                    2        2        0.979795897  6.921847e-03  9.193792e-01  9.999971e-01    2.6094    0.0166057
0.1                    2        3        0.99995      5.117762e-02  1.960354e-01  9.999987e-01    1.1616    0.0116539
0.1                    2        3        0.9949874    3.685255e-02  8.990983e-01  9.999987e-01    1.1594    0.0384156
0.1                    2        3        0.979795897  2.499171e-02  9.238689e-01  9.999987e-01    1.1607    0.0267994
0.1                    2        4        0.99995      1.110428e-01  1.847290e-01  9.999993e-01    0.65276   0.0133899
0.1                    2        4        0.9949874    7.311726e-02  9.007763e-01  9.999993e-01    0.65341   0.0430351
0.1                    2        4        0.979795897  4.268323e-02  9.242812e-01  9.999993e-01    0.65469   0.0258284
0.1                    2        5        0.99995      1.811290e-01  1.695801e-01  9.999995e-01    0.41799   0.0128389
0.1                    2        5        0.9949874    1.095135e-01  9.009808e-01  9.999995e-01    0.41843   0.0412863
0.1                    2        5        0.979795897  5.308665e-02  9.215549e-01  9.999995e-01    0.41735   0.0204177
0.1                    2        6        0.99995      2.538242e-01  1.536116e-01  9.999997e-01    0.29032   0.0113197
0.1                    2        6        0.9949874    1.414839e-01  9.002253e-01  9.999997e-01    0.29044   0.0369926
0.1                    2        6        0.979795897  5.367864e-02  9.154491e-01  9.999997e-01    0.29088   0.0142939
0.1                    2        8        0.99995      3.901225e-01  1.240755e-01  9.999998e-01    0.16331   0.00790496
0.1                    2        8        0.9949874    1.848544e-01  8.966042e-01  9.999998e-01    0.1633    0.0270655
0.1                    2        8        0.979795897  2.833574e-02  8.874565e-01  9.999998e-01    0.16292   0.00409691
0.1                    3        1        0.99995      3.811334e-08  5.281624e-02  9.999882e-01    10.457    2.10497e-08
0.1                    3        1        0.9949874    3.413283e-06  6.913557e-01  9.999882e-01    10.463    2.46902e-05
0.1                    3        1        0.979795897  9.420561e-06  7.563938e-01  9.999882e-01    10.428    7.43054e-05
0.1                    3        2        0.99995      1.611649e-03  7.266239e-02  9.999971e-01    2.6088    0.000305506
0.1                    3        2        0.9949874    1.338286e-03  7.103955e-01  9.999971e-01    2.6139    0.00248506
0.1                    3        2        0.979795897  1.269996e-03  7.545480e-01  9.999971e-01    2.603     0.00249438
0.1                    3        3        0.99995      7.065969e-03  7.730817e-02  9.999987e-01    1.1588    0.000633002
0.1                    3        3        0.9949874    3.644955e-03  7.048973e-01  9.999987e-01    1.1603    0.00298118
0.1                    3        3        0.979795897  1.843784e-03  7.245042e-01  9.999987e-01    1.1602    0.00154983
0.1                    3        4        0.99995      1.588693e-02  7.822656e-02  9.999993e-01    0.65344   0.000812082
0.1                    3        4        0.9949874    4.846587e-03  6.917848e-01  9.999993e-01    0.65203   0.00218612
0.1                    3        4        0.979795897  5.564833e-04  6.660938e-01  9.999993e-01    0.65455   0.000242622
0.1                    3        5        0.99995      2.724044e-02  7.779948e-02  9.999995e-01    0.41771   0.000885249
0.1                    3        5        0.9949874    4.180807e-03  6.722973e-01  9.999995e-01    0.41755   0.00117363
0.1                    3        5        0.979795897  4.365573e-04  5.612387e-01  9.999995e-01    0.41723   0.000102227
0.1                    3        6        0.99995      4.045985e-02  7.673782e-02  9.999997e-01    0.29028   0.000901261
0.1                    3        6        0.9949874    2.131886e-03  6.455857e-01  9.999997e-01    0.29099   0.000400494
0.1                    3        6        0.979795897  7.860236e-03  3.775603e-01  9.999997e-01    0.29086   0.000863189
0.1                    3        8        0.99995      7.053702e-02  7.371601e-02  9.999998e-01    0.16308   0.000847968
0.1                    3        8        0.9949874    8.778289e-04  5.624444e-01  9.999998e-01    0.16314   8.05471e-05
0.1                    3        8        0.979795897  7.783445e-02  1.680502e-02  9.999998e-01    0.16325   0.000213533
0.1                    4        1        0.99995      5.944165e-07  2.674720e-03  9.999882e-01    10.411    1.65522e-08
0.1                    4        1        0.9949874    5.754006e-05  1.065526e-01  9.999882e-01    10.476    6.4228e-05
0.1                    4        1        0.979795897  2.081688e-04  1.774945e-01  9.999882e-01    10.427    0.000385261
0.1                    4        2        0.99995      8.837179e-04  3.464102e-03  9.999971e-01    2.6037    7.97065e-06
0.1                    4        2        0.9949874    5.688597e-04  4.359779e-02  9.999971e-01    2.6148    6.48495e-05
0.1                    4        2        0.979795897  1.699288e-04  1.602460e-02  9.999971e-01    2.6082    7.10222e-06
0.1                    4        3        0.99995      4.372168e-03  3.472663e-03  9.999987e-01    1.1651    1.76898e-05
0.1                    4        3        0.9949874    5.858541e-03  5.216237e-03  9.999987e-01    1.1605    3.54643e-05
0.1                    4        3        0.979795897  5.678789e-03  5.771901e-02  9.999987e-01    1.1572    0.0003793
0.1                    4        4        0.99995      1.075037e-02  3.303741e-03  9.999993e-01    0.65136   2.3134e-05
0.1                    4        4        0.9949874    2.030710e-02  6.214585e-03  9.999993e-01    0.65261   8.23595e-05
0.1                    4        4        0.979795897  2.597762e-02  3.153495e-01  9.999993e-01    0.65372   0.00535529
0.1                    4        5        0.99995      1.997347e-02  3.078387e-03  9.999995e-01    0.41797   2.56993e-05
0.1                    4        5        0.9949874    4.733649e-02  5.517381e-02  9.999995e-01    0.41858   0.00109322
0.1                    4        5        0.979795897  6.856320e-02  5.771405e-01  9.999995e-01    0.41787   0.0165354
0.1                    4        6        0.99995      3.199936e-02  2.831551e-03  9.999997e-01    0.28993   2.62699e-05
0.1                    4        6        0.9949874    8.901648e-02  1.462164e-01  9.999997e-01    0.2895    0.00376804
0.1                    4        6        0.979795897  1.357570e-01  7.455737e-01  9.999997e-01    0.28934   0.0292861
0.1                    4        8        0.99995      6.429377e-02  2.323344e-03  9.999998e-01    0.16317   2.43738e-05
0.1                    4        8        0.9949874    2.140130e-01  3.746415e-01  9.999998e-01    0.16341   0.0131019
0.1                    4        8        0.979795897  3.192094e-01  8.949526e-01  9.999998e-01    0.16314   0.0466054
0.1                    6        1        0.99995      3.530332e-06  9.126853e-02  9.999882e-01    10.444    3.3651e-06
0.1                    6        1        0.9949874    3.473288e-04  7.929686e-01  9.999882e-01    10.491    0.00288941
0.1                    6        1        0.979795897  1.322055e-03  8.194388e-01  9.999882e-01    10.427    0.0112959
0.1                    6        2        0.99995      2.465137e-02  1.190384e-01  9.999971e-01    2.6096    0.00765774
0.1                    6        2        0.9949874    1.783874e-02  8.583733e-01  9.999971e-01    2.6172    0.0400752
0.1                    6        2        0.979795897  1.036793e-02  9.065232e-01  9.999971e-01    2.6122    0.0245514
0.1                    6        3        0.99995      1.008147e-01  1.108860e-01  9.999987e-01    1.162     0.0129899
0.1                    6        3        0.9949874    8.991526e-02  8.829000e-01  9.999987e-01    1.1619    0.0922387
0.1                    6        3        0.979795897  7.083216e-02  9.391992e-01  9.999987e-01    1.1581    0.0770431
0.1                    6        4        0.99995      2.050630e-01  9.511496e-02  9.999993e-01    0.65366   0.0127493
0.1                    6        4        0.9949874    1.980192e-01  8.962316e-01  9.999993e-01    0.65273   0.115841
0.1                    6        4        0.979795897  1.719884e-01  9.567865e-01  9.999993e-01    0.65228   0.107337
0.1                    6        5        0.99995      3.140528e-01  7.946378e-02  9.999995e-01    0.41807   0.0104333
0.1                    6        5        0.9949874    3.152948e-01  9.037660e-01  9.999995e-01    0.41932   0.119486
0.1                    6        5        0.979795897  2.865611e-01  9.673424e-01  9.999995e-01    0.41612   0.11535
0.1                    6        6        0.99995      4.149629e-01  6.606249e-02  9.999997e-01    0.28909   0.00792496
0.1                    6        6        0.9949874    4.246290e-01  9.077076e-01  9.999997e-01    0.28918   0.111461
0.1                    6        6        0.979795897  3.945496e-01  9.740338e-01  9.999997e-01    0.29051   0.111644
0.1                    6        8        0.99995      5.773308e-01  4.648309e-02  9.999998e-01    0.16315   0.00437831
0.1                    6        8        0.9949874    5.966514e-01  9.092769e-01  9.999998e-01    0.16312   0.0884961
0.1                    6        8        0.979795897  5.624101e-01  9.813754e-01  9.999998e-01    0.16283   0.0898716
0.1                    8        1        0.99995      8.253931e-06  3.197552e-01  9.999882e-01    10.457    2.75982e-05
0.1                    8        1        0.9949874    8.161832e-04  9.477141e-01  9.999882e-01    10.47     0.00809854
0.1                    8        1        0.979795897  3.155081e-03  9.570764e-01  9.999882e-01    10.455    0.0315701
0.1                    8        2        0.99995      6.352044e-02  3.444311e-01  9.999971e-01    2.609     0.0570806
0.1                    8        2        0.9949874    4.619208e-02  9.616348e-01  9.999971e-01    2.6087    0.115878
0.1                    8        2        0.979795897  2.829097e-02  9.755538e-01  9.999971e-01    2.6097    0.0720258
0.1                    8        3        0.99995      2.180335e-01  2.699235e-01  9.999987e-01    1.1624    0.0684099
0.1                    8        3        0.9949874    1.843212e-01  9.632005e-01  9.999987e-01    1.1601    0.205962
0.1                    8        3        0.979795897  1.417930e-01  9.821733e-01  9.999987e-01    1.1611    0.161701
0.1                    8        4        0.99995      3.805588e-01  2.017183e-01  9.999993e-01    0.65176   0.0500328
0.1                    8        4        0.9949874    3.384456e-01  9.615040e-01  9.999993e-01    0.65324   0.212575
0.1                    8        4        0.979795897  2.794484e-01  9.856425e-01  9.999993e-01    0.65173   0.17951
0.1                    8        5        0.99995      5.149830e-01  1.520532e-01  9.999995e-01    0.41936   0.0328379
0.1                    8        5        0.9949874    4.697246e-01  9.582275e-01  9.999995e-01    0.41723   0.187796
0.1                    8        5        0.979795897  4.017239e-01  9.876430e-01  9.999995e-01    0.41699   0.165445
0.1                    8        6        0.99995      6.176394e-01  1.172385e-01  9.999997e-01    0.29015   0.0210101
0.1                    8        6        0.9949874    5.718541e-01  9.540831e-01  9.999997e-01    0.28996   0.158201
0.1                    8        6        0.979795897  4.993765e-01  9.888295e-01  9.999997e-01    0.29003   0.143216
0.1                    8        8        0.99995      7.529042e-01  7.487210e-02  9.999998e-01    0.1633    0.00920547
0.1                    8        8        0.9949874    7.086168e-01  9.446302e-01  9.999998e-01    0.16291   0.109049
0.1                    8        8        0.979795897  6.326459e-01  9.899207e-01  9.999998e-01    0.16322   0.10222
0.2                    2        1        0.99995      5.505340e-07  5.953327e-02  9.999515e-01    10.123    3.31766e-07
0.2                    2        1        0.9949874    5.748457e-05  8.031701e-01  9.999515e-01    10.11     0.000466755
0.2                    2        1        0.979795897  2.602326e-04  8.823341e-01  9.999515e-01    10.112    0.00232172
0.2                    2        2        0.99995      3.991450e-02  5.761751e-02  9.999879e-01    2.5232    0.00580272
0.2                    2        2        0.9949874    3.119141e-02  8.169052e-01  9.999879e-01    2.5227    0.0642787
0.2                    2        2        0.979795897  2.366677e-02  9.000034e-01  9.999879e-01    2.535     0.0539953
0.2                    2        3        0.99995      1.509802e-01  4.548429e-02  9.999946e-01    1.1227    0.00770979
0.2                    2        3        0.9949874    1.116165e-01  8.061769e-01  9.999946e-01    1.1235    0.101095
0.2                    2        3        0.979795897  7.798257e-02  9.022759e-01  9.999946e-01    1.1223    0.0789666
0.2                    2        4        0.99995      2.850885e-01  3.470796e-02  9.999970e-01    0.63434   0.00627667
0.2                    2        4        0.9949874    2.004433e-01  7.900589e-01  9.999970e-01    0.63292   0.10023
0.2                    2        4        0.979795897  1.255461e-01  9.001417e-01  9.999970e-01    0.633     0.0715347
0.2                    2        5        0.99995      4.092706e-01  2.665449e-02  9.999981e-01    0.40485   0.00441646
0.2                    2        5        0.9949874    2.773232e-01  7.728541e-01  9.999981e-01    0.40529   0.0868658
0.2                    2        5        0.979795897  1.520194e-01  8.953183e-01  9.999981e-01    0.40367   0.0549417
0.2                    2        6        0.99995      5.128693e-01  2.085416e-02  9.999987e-01    0.281     0.00300542
0.2                    2        6        0.9949874    3.373920e-01  7.564535e-01  9.999987e-01    0.28099   0.0717146
0.2                    2        6        0.979795897  1.540769e-01  8.878177e-01  9.999987e-01    0.2824    0.0386301
0.2                    2        8        0.99995      6.613994e-01  1.358982e-02  9.999992e-01    0.1582    0.00142195
0.2                    2        8        0.9949874    4.107144e-01  7.294413e-01  9.999992e-01    0.15862   0.0475213
0.2                    2        8        0.979795897  8.775142e-02  8.585263e-01  9.999992e-01    0.15829   0.0119251
0.2                    3        1        0.99995      1.475445e-07  1.957348e-02  9.999515e-01    10.15     2.93114e-08
0.2                    3        1        0.9949874    1.321567e-05  5.664282e-01  9.999515e-01    10.116    7.5722e-05
0.2                    3        1        0.979795897  3.649096e-05  7.141197e-01  9.999515e-01    10.147    0.000264407
0.2                    3        2        0.99995      5.891632e-03  2.135748e-02  9.999879e-01    2.5272    0.000317995
0.2                    3        2        0.9949874    4.903899e-03  5.763706e-01  9.999879e-01    2.5271    0.00714267
0.2                    3        2        0.979795897  4.674499e-03  7.110614e-01  9.999879e-01    2.5285    0.00840427
0.2                    3        3        0.99995      2.456533e-02  2.087404e-02  9.999946e-01    1.1257    0.000577231
0.2                    3        3        0.9949874    1.282360e-02  5.661559e-01  9.999946e-01    1.1272    0.0081836
0.2                    3        3        0.979795897  6.574813e-03  6.777855e-01  9.999946e-01    1.1261    0.00501823
0.2                    3        4        0.99995      5.293875e-02  1.985449e-02  9.999970e-01    0.63365   0.00066601
0.2                    3        4        0.9949874    1.666341e-02  5.496952e-01  9.999970e-01    0.63281   0.00579639
0.2                    3        4        0.979795897  1.954030e-03  6.148192e-01  9.999970e-01    0.63282   0.000760252
0.2                    3        5        0.99995      8.736394e-02  1.863828e-02  9.999981e-01    0.40529   0.000659938
0.2                    3        5        0.9949874    1.422501e-02  5.280101e-01  9.999981e-01    0.40553   0.00304591
0.2                    3        5        0.979795897  1.510164e-03  5.042555e-01  9.999981e-01    0.40408   0.00030771
0.2                    3        6        0.99995      1.251066e-01  1.736709e-02  9.999987e-01    0.28139   0.000611386
0.2                    3        6        0.9949874    7.230103e-03  4.998156e-01  9.999987e-01    0.28161   0.00101766
0.2                    3        6        0.979795897  2.624242e-02  3.198454e-01  9.999987e-01    0.28062   0.00235539
0.2                    3        8        0.99995      2.032652e-01  1.493458e-02  9.999992e-01    0.15813   0.000480032
0.2                    3        8        0.9949874    2.948741e-03  4.122103e-01  9.999992e-01    0.15821   0.000192304
0.2                    3        8        0.979795897  2.128186e-01  1.109352e-02  9.999992e-01    0.15831   0.000373755
0.2                    4        1        0.99995      2.267595e-06  9.592860e-04  9.999515e-01    10.141    2.20584e-08
0.2                    4        1        0.9949874    2.196915e-04  6.507168e-02  9.999515e-01    10.146    0.000145037
0.2                    4        1        0.979795897  7.967342e-04  1.481053e-01  9.999515e-01    10.153    0.001198
0.2                    4        2        0.99995      3.118498e-03  9.728959e-04  9.999879e-01    2.5346    7.68982e-06
0.2                    4        2        0.9949874    2.001805e-03  2.452383e-02  9.999879e-01    2.5305    0.000124226
0.2                    4        2        0.979795897  6.003951e-04  1.280683e-02  9.999879e-01    2.524     1.94072e-05
0.2                    4        3        0.99995      1.453287e-02  8.996620e-04  9.999946e-01    1.1283    1.47521e-05
0.2                    4        3        0.9949874    1.915147e-02  2.759423e-03  9.999946e-01    1.1217    5.92782e-05
0.2                    4        3        0.979795897  1.845331e-02  4.536178e-02  9.999946e-01    1.1244    0.000941202
0.2                    4        4        0.99995      3.419878e-02  8.094535e-04  9.999970e-01    0.63256   1.75107e-05
0.2                    4        4        0.9949874    6.171224e-02  3.060603e-03  9.999970e-01    0.63334   0.000119623
0.2                    4        4        0.979795897  7.614151e-02  2.515709e-01  9.999970e-01    0.63293   0.0121237
0.2                    4        5        0.99995      6.123802e-02  7.143931e-04  9.999981e-01    0.40502   1.77188e-05
0.2                    4        5        0.9949874    1.322335e-01  2.505469e-02  9.999981e-01    0.40528   0.00134272
0.2                    4        5        0.979795897  1.759571e-01  4.720066e-01  9.999981e-01    0.40447   0.0335923
0.2                    4        6        0.99995      9.470157e-02  6.200708e-04  9.999987e-01    0.28081   1.64896e-05
0.2                    4        6        0.9949874    2.252169e-01  6.120215e-02  9.999987e-01    0.28181   0.0038844
0.2                    4        6        0.979795897  2.986940e-01  6.210582e-01  9.999987e-01    0.28067   0.052066
0.2                    4        8        0.99995      1.765948e-01  4.474289e-04  9.999992e-01    0.15862   1.25331e-05
0.2                    4        8        0.9949874    4.330299e-01  1.376522e-01  9.999992e-01    0.15786   0.00940964
0.2                    4        8        0.979795897  5.229416e-01  7.576306e-01  9.999992e-01    0.15815   0.0626584
0.2                    6        1        0.99995      1.192893e-05  3.470964e-02  9.999515e-01    10.157    4.20529e-06
0.2                    6        1        0.9949874    1.176933e-03  6.903359e-01  9.999515e-01    10.138    0.00823651
0.2                    6        1        0.979795897  4.517040e-03  7.843758e-01  9.999515e-01    10.155    0.035978
0.2                    6        2        0.99995      6.446613e-02  2.868351e-02  9.999879e-01    2.5293    0.00467691
0.2                    6        2        0.9949874    4.609155e-02  7.390307e-01  9.999879e-01    2.5304    0.0861922
0.2                    6        2        0.979795897  2.690916e-02  8.786464e-01  9.999879e-01    2.531     0.0598413
0.2                    6        3        0.99995      2.142540e-01  1.828155e-02  9.999946e-01    1.1281    0.00441863
0.2                    6        3        0.9949874    1.850183e-01  7.113332e-01  9.999946e-01    1.1234    0.147849
0.2                    6        3        0.979795897  1.444126e-01  9.026743e-01  9.999946e-01    1.1234    0.146443
0.2                    6        4        0.99995      3.712475e-01  1.202328e-02  9.999970e-01    0.63263   0.00282381
0.2                    6        4        0.9949874    3.410477e-01  6.668690e-01  9.999970e-01    0.63356   0.144093
0.2                    6        4        0.979795897  2.892517e-01  9.086743e-01  9.999970e-01    0.63387   0.166603
0.2                    6        5        0.99995      5.030313e-01  8.384737e-03  9.999981e-01    0.40562   0.00171081
0.2                    6        5        0.9949874    4.749482e-01  6.206197e-01  9.999981e-01    0.40525   0.119452
0.2                    6        5        0.979795897  4.174753e-01  9.076025e-01  9.999981e-01    0.40557   0.153671
0.2                    6        6        0.99995      6.053873e-01  6.156926e-03  9.999987e-01    0.28094   0.00104715
0.2                    6        6        0.9949874    5.793565e-01  5.777896e-01  9.999987e-01    0.28039   0.0938594
0.2                    6        6        0.979795897  5.184872e-01  9.035392e-01  9.999987e-01    0.28209   0.132152
0.2                    6        8        0.99995      7.424463e-01  3.728662e-03  9.999992e-01    0.15829   0.000438199
0.2                    6        8        0.9949874    7.177131e-01  5.069886e-01  9.999992e-01    0.1583    0.0576009
0.2                    6        8        0.979795897  6.547560e-01  8.927141e-01  9.999992e-01    0.15798   0.0923408
0.2                    8        1        0.99995      2.306739e-05  1.440343e-01  9.999515e-01    10.151    3.3725e-05
0.2                    8        1        0.9949874    2.291293e-03  9.127888e-01  9.999515e-01    10.112    0.0211479
0.2                    8        1        0.979795897  8.976591e-03  9.462347e-01  9.999515e-01    10.127    0.0860142
0.2                    8        2        0.99995      1.220369e-01  7.560331e-02  9.999879e-01    2.538     0.0234163
0.2                    8        2        0.9949874    8.763095e-02  8.987444e-01  9.999879e-01    2.5268    0.199003
0.2                    8        2        0.979795897  5.390743e-02  9.634015e-01  9.999879e-01    2.5272    0.131247
0.2                    8        3        0.99995      3.334558e-01  3.560636e-02  9.999946e-01    1.1269    0.0133798
0.2                    8        3        0.9949874    2.761022e-01  8.383278e-01  9.999946e-01    1.1295    0.261437
0.2                    8        3        0.979795897  2.117364e-01  9.585075e-01  9.999946e-01    1.1278    0.228887
0.2                    8        4        0.99995      5.088787e-01  2.040059e-02  9.999970e-01    0.63304   0.00657184
0.2                    8        4        0.9949874    4.423506e-01  7.728763e-01  9.999970e-01    0.63411   0.21679
0.2                    8        4        0.979795897  3.617177e-01  9.494458e-01  9.999970e-01    0.6327    0.217288
0.2                    8        5        0.99995      6.339671e-01  1.324790e-02  9.999981e-01    0.4042    0.00339476
0.2                    8        5        0.9949874    5.654910e-01  7.118550e-01  9.999981e-01    0.40466   0.162895
0.2                    8        5        0.979795897  4.813243e-01  9.395055e-01  9.999981e-01    0.40547   0.183356
0.2                    8        6        0.99995      7.208090e-01  9.332315e-03  9.999987e-01    0.28204   0.00189723
0.2                    8        6        0.9949874    6.556056e-01  6.579243e-01  9.999987e-01    0.28167   0.121495
0.2                    8        6        0.979795897  5.673949e-01  9.297852e-01  9.999987e-01    0.28117   0.148333
0.2                    8        8        0.99995      8.266869e-01  5.403849e-03  9.999992e-01    0.15827   0.000707038
0.2                    8        8        0.9949874    7.653532e-01  5.712454e-01  9.999992e-01    0.1585    0.0692969
0.2                    8        8        0.979795897  6.784806e-01  9.123437e-01  9.999992e-01    0.15825   0.0979579
0.3                    2        1        0.99995      1.134505e-06  2.967212e-02  9.998849e-01    9.565     3.21951e-07
0.3                    2        1        0.9949874    1.184461e-04  7.054464e-01  9.998849e-01    9.6278    0.000804381
0.3                    2        1        0.979795897  5.360103e-04  8.478254e-01  9.998849e-01    9.5921    0.00435856
0.3                    2        2        0.99995      7.092861e-02  2.292143e-02  9.999712e-01    2.4003    0.00390226
0.3                    2        2        0.9949874    5.568285e-02  6.969507e-01  9.999712e-01    2.4041    0.0932961
0.3                    2        2        0.979795897  4.253003e-02  8.661362e-01  9.999712e-01    2.4063    0.0886378
0.3                    2        3        0.99995      2.342205e-01  1.458411e-02  9.999872e-01    1.0654    0.00363925
0.3                    2        3        0.9949874    1.771386e-01  6.412690e-01  9.999872e-01    1.0663    0.121123
0.3                    2        3        0.979795897  1.272315e-01  8.576395e-01  9.999872e-01    1.0671    0.116439
0.3                    2        4        0.99995      3.985676e-01  9.634065e-03  9.999928e-01    0.59906   0.00230027
0.3                    2        4        0.9949874    2.932774e-01  5.844982e-01  9.999928e-01    0.59964   0.10279
0.3                    2        4        0.979795897  1.941969e-01  8.456509e-01  9.999928e-01    0.601     0.0986972
0.3                    2        5        0.99995      5.303708e-01  6.743196e-03  9.999954e-01    0.38461   0.00137551
0.3                    2        5        0.9949874    3.841158e-01  5.357230e-01  9.999954e-01    0.38465   0.0791528
0.3                    2        5        0.979795897  2.299312e-01  8.343597e-01  9.999954e-01    0.3843    0.0737258
0.3                    2        6        0.99995      6.290201e-01  4.963924e-03  9.999968e-01    0.26663   0.000832525
0.3                    2        6        0.9949874    4.504086e-01  4.965243e-01  9.999968e-01    0.26667   0.0596376
0.3                    2        6        0.979795897  2.333647e-01  8.246118e-01  9.999968e-01    0.2669    0.0513608
0.3                    2        8        0.99995      7.558837e-01  3.014353e-03  9.999982e-01    0.15008   0.000341957
0.3                    2        8        0.9949874    5.271543e-01  4.440539e-01  9.999982e-01    0.14987   0.0350822
0.3                    2        8        0.979795897  1.416507e-01  8.030726e-01  9.999982e-01    0.15022   0.0170884
0.3                    3        1        0.99995      3.136690e-07  9.552543e-03  9.998849e-01    9.5926    2.87394e-08
0.3                    3        1        0.9949874    2.810346e-05  4.350640e-01  9.998849e-01    9.582     0.000117144
0.3                    3        1        0.979795897  7.765836e-05  6.526175e-01  9.998849e-01    9.6072    0.000486848
0.3                    3        2        0.99995      1.147333e-02  9.586206e-03  9.999712e-01    2.3973    0.000263661
0.3                    3        2        0.9949874    9.581384e-03  4.366316e-01  9.999712e-01    2.3953    0.0100205
0.3                    3        2        0.979795897  9.192475e-03  6.484824e-01  9.999712e-01    2.3942    0.0142718
0.3                    3        3        0.99995      4.475998e-02  8.799378e-03  9.999872e-01    1.0677    0.000420519
0.3                    3        3        0.9949874    2.371011e-02  4.218418e-01  9.999872e-01    1.0648    0.0106499
0.3                    3        3        0.979795897  1.236440e-02  6.117094e-01  9.999872e-01    1.0661    0.00806326
0.3                    3        4        0.99995      9.185734e-02  7.851447e-03  9.999928e-01    0.60197   0.000434145
0.3                    3        4        0.9949874    2.992910e-02  4.043764e-01  9.999928e-01    0.60014   0.00726322
0.3                    3        4        0.979795897  3.601026e-03  5.448496e-01  9.999928e-01    0.5995    0.00117622
0.3                    3        5        0.99995      1.456477e-01  6.919742e-03  9.999954e-01    0.38409   0.000387101
0.3                    3        5        0.9949874    2.521935e-02  3.851785e-01  9.999954e-01    0.38426   0.00373267
0.3                    3        5        0.979795897  2.732034e-03  4.281796e-01  9.999954e-01    0.38465   0.000449962
0.3                    3        6        0.99995      2.014075e-01  6.075505e-03  9.999968e-01    0.2673    0.000327081
0.3                    3        6        0.9949874    1.276166e-02  3.618730e-01  9.999968e-01    0.26628   0.0012297
0.3                    3        6        0.979795897  4.562836e-02  2.437173e-01  9.999968e-01    0.26661   0.00296481
0.3                    3        8        0.99995      3.078992e-01  4.715624e-03  9.999982e-01    0.15068   0.000218777
0.3                    3        8        0.9949874    5.146199e-03  2.824419e-01  9.999982e-01    0.14982   0.000217763
0.3                    3        8        0.979795897  3.103537e-01  5.414487e-03  9.999982e-01    0.14996   0.000251993
0.3                    4        1        0.99995      4.716473e-06  4.636655e-04  9.998849e-01    9.6005    2.09926e-08
0.3                    4        1        0.9949874    4.575283e-04  3.946529e-02  9.998849e-01    9.6062    0.000173434
0.3                    4        1        0.979795897  1.665369e-03  1.160730e-01  9.998849e-01    9.5682    0.00184936
0.3                    4        2        0.99995      5.806983e-03  4.358216e-04  9.999712e-01    2.4016    6.07781e-06
0.3                    4        2        0.9949874    3.715549e-03  1.395311e-02  9.999712e-01    2.3914    0.000123975
0.3                    4        2        0.979795897  1.120408e-03  9.490931e-03  9.999712e-01    2.4002    2.55223e-05
0.3                    4        3        0.99995      2.522015e-02  3.835795e-04  9.999872e-01    1.0672    1.03239e-05
0.3                    4        3        0.9949874    3.268043e-02  1.443198e-03  9.999872e-01    1.071     5.05124e-05
0.3                    4        3        0.979795897  3.132844e-02  3.157763e-02  9.999872e-01    1.0633    0.00105189
0.3                    4        4        0.99995      5.666616e-02  3.267264e-04  9.999928e-01    0.60102   1.11274e-05
0.3                    4        4        0.9949874    9.807691e-02  1.421184e-03  9.999928e-01    0.59931   8.35344e-05
0.3                    4        4        0.979795897  1.174701e-01  1.659645e-01  9.999928e-01    0.6016    0.0117286
0.3                    4        5        0.99995      9.792760e-02  2.713608e-04  9.999954e-01    0.38392   1.02021e-05
0.3                    4        5        0.9949874    1.959836e-01  1.017573e-02  9.999954e-01    0.38448   0.000766756
0.3                    4        5        0.979795897  2.459099e-01  3.018960e-01  9.999954e-01    0.38291   0.0284268
0.3                    4        6        0.99995      1.467762e-01  2.210154e-04  9.999968e-01    0.26606   8.63091e-06
0.3                    4        6        0.9949874    3.114833e-01  2.196961e-02  9.999968e-01    0.26623   0.00182185
0.3                    4        6        0.979795897  3.815607e-01  3.911527e-01  9.999968e-01    0.26634   0.0397507
0.3                    4        8        0.99995      2.579873e-01  1.409661e-04  9.999982e-01    0.14979   5.44747e-06
0.3                    4        8        0.9949874    5.306717e-01  4.160176e-02  9.999982e-01    0.14996   0.00331064
0.3                    4        8        0.979795897  5.896300e-01  4.700967e-01  9.999982e-01    0.15013   0.0416134
0.3                    6        1        0.99995      2.117791e-05  1.707359e-02  9.998849e-01    9.6006    3.47101e-06
0.3                    6        1        0.9949874    2.096301e-03  5.667578e-01  9.998849e-01    9.6268    0.0114362
0.3                    6        1        0.979795897  8.123990e-03  7.301449e-01  9.998849e-01    9.6035    0.0569584
0.3                    6        2        0.99995      9.157674e-02  9.638571e-03  9.999712e-01    2.4031    0.00212108
0.3                    6        2        0.9949874    6.493870e-02  5.472534e-01  9.999712e-01    2.4025    0.0853774
0.3                    6        2        0.979795897  3.802693e-02  8.184124e-01  9.999712e-01    2.405     0.0748456
0.3                    6        3        0.99995      2.692279e-01  4.802495e-03  9.999872e-01    1.0678    0.00138061
0.3                    6        3        0.9949874    2.288351e-01  4.294513e-01  9.999872e-01    1.0649    0.10465
0.3                    6        3        0.979795897  1.777591e-01  7.982968e-01  9.999872e-01    1.0669    0.151396
0.3                    6        4        0.99995      4.347208e-01  2.818413e-03  9.999928e-01    0.59931   0.000734283
0.3                    6        4        0.9949874    3.916763e-01  3.383533e-01  9.999928e-01    0.60173   0.0797437
0.3                    6        4        0.979795897  3.289875e-01  7.620607e-01  9.999928e-01    0.59893   0.150156
0.3                    6        5        0.99995      5.636265e-01  1.853690e-03  9.999954e-01    0.38436   0.000401573
0.3                    6        5        0.9949874    5.214164e-01  2.753862e-01  9.999954e-01    0.38355   0.055074
0.3                    6        5        0.979795897  4.528937e-01  7.262815e-01  9.999954e-01    0.38471   0.126541
0.3                    6        6        0.99995      6.587955e-01  1.316414e-03  9.999968e-01    0.26613   0.0002308
0.3                    6        6        0.9949874    6.179805e-01  2.315314e-01  9.999968e-01    0.2673    0.0382457
0.3                    6        6        0.979795897  5.520570e-01  6.947198e-01  9.999968e-01    0.26583   0.101952
0.3                    6        8        0.99995      7.835982e-01  7.703144e-04  9.999982e-01    0.15008   9.05907e-05
0.3                    6        8        0.9949874    7.467742e-01  1.767387e-01  9.999982e-01    0.15007   0.0198068
0.3                    6        8        0.979795897  6.744946e-01  6.449775e-01  9.999982e-01    0.15024   0.0653594
0.3                    8        1        0.99995      3.439246e-05  7.516242e-02  9.998849e-01    9.6046    2.48252e-05
0.3                    8        1        0.9949874    3.428520e-03  8.578845e-01  9.998849e-01    9.5896    0.0282024
0.3                    8        1        0.979795897  1.357824e-02  9.260166e-01  9.998849e-01    9.6049    0.120755
0.3                    8        2        0.99995      1.460960e-01  2.079332e-02  9.999712e-01    2.4028    0.00729907
0.3                    8        2        0.9949874    1.042226e-01  7.409644e-01  9.999712e-01    2.3983    0.185204
0.3                    8        2        0.979795897  6.415574e-02  9.278867e-01  9.999712e-01    2.4094    0.143426
0.3                    8        3        0.99995      3.672865e-01  8.058782e-03  9.999872e-01    1.0709    0.0031697
0.3                    8        3        0.9949874    3.055897e-01  5.557596e-01  9.999872e-01    1.0684    0.181449
0.3                    8        3        0.979795897  2.342845e-01  8.763632e-01  9.999872e-01    1.0698    0.219647
0.3                    8        4        0.99995      5.443501e-01  4.338236e-03  9.999928e-01    0.60019   0.00141735
0.3                    8        4        0.9949874    4.708164e-01  4.272138e-01  9.999928e-01    0.60146   0.120976
0.3                    8        4        0.979795897  3.854790e-01  8.245782e-01  9.999928e-01    0.6005    0.190872
0.3                    8        5        0.99995      6.637509e-01  2.740978e-03  9.999954e-01    0.38487   0.000700201
0.3                    8        5        0.9949874    5.895052e-01  3.418769e-01  9.999954e-01    0.38325   0.0772392
0.3                    8        5        0.979795897  4.988857e-01  7.793829e-01  9.999954e-01    0.38427   0.149412
0.3                    8        6        0.99995      7.450633e-01  1.903073e-03  9.999968e-01    0.26646   0.000377815
0.3                    8        6        0.9949874    6.730973e-01  2.836057e-01  9.999968e-01    0.26746   0.0510564
0.3                    8        6        0.979795897  5.813700e-01  7.412586e-01  9.999968e-01    0.26648   0.114838
0.3                    8        8        0.99995      8.415989e-01  1.086530e-03  9.999982e-01    0.14961   0.000136806
0.3                    8        8        0.9949874    7.764661e-01  2.118546e-01  9.999982e-01    0.1502    0.0247075
0.3                    8        8        0.979795897  6.871453e-01  6.824636e-01  9.999982e-01    0.15035   0.0705068
0.5                    2        1        0.99995      2.395550e-06  1.138821e-02  9.996122e-01    7.9286    2.16216e-07
0.5                    2        1        0.9949874    2.501026e-04  5.039211e-01  9.996122e-01    7.9273    0.000998706
0.5                    2        1        0.979795897  1.131769e-03  7.442863e-01  9.996122e-01    7.9246    0.00667278
0.5                    2        2        0.99995      1.115364e-01  5.650430e-03  9.999030e-01    1.9818    0.00124887
0.5                    2        2        0.9949874    8.818836e-02  4.175013e-01  9.999030e-01    1.9809    0.0729272
0.5                    2        2        0.979795897  6.816610e-02  7.514862e-01  9.999030e-01    1.9757    0.101197
0.5                    2        3        0.99995      3.104832e-01  2.684288e-03  9.999569e-01    0.8777    0.000731467
0.5                    2        3        0.9949874    2.400754e-01  2.886103e-01  9.999569e-01    0.87843   0.0608622
0.5                    2        3        0.979795897  1.779108e-01  6.791370e-01  9.999569e-01    0.88033   0.106362
0.5                    2        4        0.99995      4.818022e-01  1.547837e-03  9.999758e-01    0.49495   0.000369101
0.5                    2        4        0.9949874    3.674465e-01  2.129266e-01  9.999758e-01    0.49457   0.0386938
0.5                    2        4        0.979795897  2.561552e-01  6.223922e-01  9.999758e-01    0.49449   0.0788341
0.5                    2        5        0.99995      6.068372e-01  1.009419e-03  9.999845e-01    0.31706   0.000194213
0.5                    2        5        0.9949874    4.602325e-01  1.685128e-01  9.999845e-01    0.31645   0.0245419
0.5                    2        5        0.979795897  2.964191e-01  5.882586e-01  9.999845e-01    0.31581   0.0550673
0.5                    2        6        0.99995      6.945493e-01  7.133274e-04  9.999892e-01    0.21968   0.000108837
0.5                    2        6        0.9949874    5.250402e-01  1.411248e-01  9.999892e-01    0.22012   0.0163099
0.5                    2        6        0.979795897  3.005522e-01  5.753047e-01  9.999892e-01    0.22021   0.0380759
0.5                    2        8        0.99995      7.991366e-01  4.150974e-04  9.999939e-01    0.12361   4.10036e-05
0.5                    2        8        0.9949874    5.969202e-01  1.124347e-01  9.999939e-01    0.12395   0.0083188
0.5                    2        8        0.979795897  1.925146e-01  6.073037e-01  9.999939e-01    0.1241    0.014509
0.5                    3        1        0.99995      7.108895e-07  3.620590e-03  9.996122e-01    7.8983    2.03211e-08
0.5                    3        1        0.9949874    6.375431e-05  2.490143e-01  9.996122e-01    7.9177    0.000125651
0.5                    3        1        0.979795897  1.766493e-04  5.082813e-01  9.996122e-01    7.9222    0.000711039
0.5                    3        2        0.99995      2.063215e-02  3.242359e-03  9.999030e-01    1.9761    0.000132182
0.5                    3        2        0.9949874    1.734978e-02  2.410368e-01  9.999030e-01    1.986     0.00830452
0.5                    3        2        0.979795897  1.689954e-02  5.046386e-01  9.999030e-01    1.9812    0.0168944
0.5                    3        3        0.99995      7.082322e-02  2.586593e-03  9.999569e-01    0.87885   0.00016099
0.5                    3        3        0.9949874    3.833807e-02  2.215901e-01  9.999569e-01    0.87986   0.00747438
0.5                    3        3        0.979795897  2.062169e-02  4.647891e-01  9.999569e-01    0.87894   0.00842405
0.5                    3        4        0.99995      1.349065e-01  2.022711e-03  9.999758e-01    0.49495   0.000135057
0.5                    3        4        0.9949874    4.589245e-02  2.072396e-01  9.999758e-01    0.494     0.00469819
0.5                    3        4        0.979795897  5.756206e-03  3.991291e-01  9.999758e-01    0.49452   0.00113612
0.5                    3        5        0.99995      2.033206e-01  1.594109e-03  9.999845e-01    0.31659   0.00010261
0.5                    3        5        0.9949874    3.774198e-02  1.979296e-01  9.999845e-01    0.31592   0.00235997
0.5                    3        5        0.979795897  4.232675e-03  2.774838e-01  9.999845e-01    0.31694   0.00037224
0.5                    3        6        0.99995      2.704220e-01  1.278300e-03  9.999892e-01    0.21956   7.58968e-05
0.5                    3        6        0.9949874    1.890050e-02  1.891900e-01  9.999892e-01    0.21992   0.000786378
0.5                    3        6        0.979795897  6.717813e-02  1.144068e-01  9.999892e-01    0.22034   0.00169343
0.5                    3        8        0.99995      3.897782e-01  8.712743e-04  9.999939e-01    0.12365   4.19917e-05
0.5                    3        8        0.9949874    7.486843e-03  1.351704e-01  9.999939e-01    0.12389   0.000125376
0.5                    3        8        0.979795897  3.846569e-01  1.172989e-03  9.999939e-01    0.12378   5.5849e-05
0.5                    4        1        0.99995      1.016311e-05  1.747506e-04  9.996122e-01    7.9218    1.40637e-08
0.5                    4        1        0.9949874    9.890037e-04  1.746841e-02  9.996122e-01    7.9197    0.00013677
0.5                    4        1        0.979795897  3.632611e-03  6.859614e-02  9.996122e-01    7.9339    0.00197623
0.5                    4        2        0.99995      9.747545e-03  1.506212e-04  9.999030e-01    1.9787    2.90482e-06
0.5                    4        2        0.9949874    6.215683e-03  5.547576e-03  9.999030e-01    1.9774    6.8178e-05
0.5                    4        2        0.979795897  1.895907e-03  4.943012e-03  9.999030e-01    1.9845    1.85959e-05
0.5                    4        3        0.99995      3.759142e-02  1.186968e-04  9.999569e-01    0.87814   3.91808e-06
0.5                    4        3        0.9949874    4.788016e-02  4.678940e-04  9.999569e-01    0.87855   1.96812e-05
0.5                    4        3        0.979795897  4.587109e-02  1.295012e-02  9.999569e-01    0.87849   0.000521832
0.5                    4        4        0.99995      7.928743e-02  8.947969e-05  9.999758e-01    0.49379   3.50316e-06
0.5                    4        4        0.9949874    1.320410e-01  3.630757e-04  9.999758e-01    0.49694   2.38232e-05
0.5                    4        4        0.979795897  1.545990e-01  5.389508e-02  9.999758e-01    0.49361   0.00411272
0.5                    4        5        0.99995      1.314610e-01  6.602457e-05  9.999845e-01    0.31657   2.74768e-06
0.5                    4        5        0.9949874    2.468220e-01  2.126669e-03  9.999845e-01    0.31617   0.000165958
0.5                    4        5        0.979795897  2.967356e-01  8.505412e-02  9.999845e-01    0.31653   0.00798865
0.5                    4        6        0.99995      1.907840e-01  4.838331e-05  9.999892e-01    0.22033   2.03379e-06
0.5                    4        6        0.9949874    3.707402e-01  3.984352e-03  9.999892e-01    0.22042   0.000325592
0.5                    4        6        0.979795897  4.305219e-01  1.023541e-01  9.999892e-01    0.2193    0.0096635
0.5                    4        8        0.99995      3.179114e-01  2.618266e-05  9.999939e-01    0.12389   1.03123e-06
0.5                    4        8        0.9949874    5.800546e-01  6.482354e-03  9.999939e-01    0.12385   0.000465688
0.5                    4        8        0.979795897  6.286800e-01  1.155170e-01  9.999939e-01    0.12336   0.00895875
0.5                    6        1        0.99995      3.434696e-05  6.500774e-03  9.996122e-01    7.9258    1.769e-06
0.5                    6        1        0.9949874    3.416956e-03  3.566971e-01  9.996122e-01    7.9209    0.00965039
0.5                    6        1        0.979795897  1.344352e-02  5.867531e-01  9.996122e-01    7.9201    0.0624497
0.5                    6        2        0.99995      1.133427e-01  1.878435e-03  9.999030e-01    1.9754    0.000420535
0.5                    6        2        0.9949874    7.970845e-02  2.130370e-01  9.999030e-01    1.9807    0.0336307
0.5                    6        2        0.979795897  4.675624e-02  5.870072e-01  9.999030e-01    1.9751    0.0542038
0.5                    6        3        0.99995      3.017997e-01  7.409749e-04  9.999569e-01    0.88012   0.000196809
0.5                    6        3        0.9949874    2.584680e-01  1.086031e-01  9.999569e-01    0.87872   0.024665
0.5                    6        3        0.979795897  2.008126e-01  4.292311e-01  9.999569e-01    0.87813   0.0756872
0.5                    6        4        0.99995      4.727829e-01  4.018342e-04  9.999758e-01    0.49514   9.40646e-05
0.5                    6        4        0.9949874    4.225669e-01  6.909995e-02  9.999758e-01    0.49607   0.0144846
0.5                    6        4        0.979795897  3.545218e-01  3.340549e-01  9.999758e-01    0.49369   0.0584662
0.5                    6        5        0.99995      5.978318e-01  2.550847e-04  9.999845e-01    0.31605   4.81962e-05
0.5                    6        5        0.9949874    5.490447e-01  5.001109e-02  9.999845e-01    0.31634   0.00868603
0.5                    6        5        0.979795897  4.764281e-01  2.766171e-01  9.999845e-01    0.31591   0.0416326
0.5                    6        6        0.99995      6.883403e-01  1.777632e-04  9.999892e-01    0.22008   2.6929e-05
0.5                    6        6        0.9949874    6.416860e-01  3.915893e-02  9.999892e-01    0.21967   0.00551975
0.5                    6        6        0.979795897  5.670221e-01  2.394062e-01  9.999892e-01    0.2201    0.0298779
0.5                    6        8        0.99995      8.017729e-01  1.021199e-04  9.999939e-01    0.12353   1.01142e-05
0.5                    6        8        0.9949874    7.589401e-01  2.762866e-02  9.999939e-01    0.1237    0.00259379
0.5                    6        8        0.979795897  6.833582e-01  1.951348e-01  9.999939e-01    0.12352   0.0164709
0.5                    8        1        0.99995      4.619165e-05  2.968675e-02  9.996122e-01    7.9432    1.08881e-05
0.5                    8        1        0.9949874    4.619681e-03  7.073321e-01  9.996122e-01    7.9204    0.025871
0.5                    8        1        0.979795897  1.847848e-02  8.474936e-01  9.996122e-01    7.8938    0.123572
0.5                    8        2        0.99995      1.635294e-01  3.246742e-03  9.999030e-01    1.9799    0.0010511
0.5                    8        2        0.9949874    1.165014e-01  3.247570e-01  9.999030e-01    1.9766    0.0747767
0.5                    8        2        0.979795897  7.194767e-02  7.366195e-01  9.999030e-01    1.9817    0.105016
0.5                    8        3        0.99995      3.898752e-01  1.115566e-03  9.999569e-01    0.87889   0.00038224
0.5                    8        3        0.9949874    3.200421e-01  1.499347e-01  9.999569e-01    0.87793   0.042126
0.5                    8        3        0.979795897  2.453977e-01  5.198818e-01  9.999569e-01    0.88067   0.112349
0.5                    8        4        0.99995      5.602960e-01  5.817524e-04  9.999758e-01    0.49369   0.000160916
0.5                    8        4        0.9949874    4.833651e-01  9.148356e-02  9.999758e-01    0.49453   0.0218676
0.5                    8        4        0.979795897  3.955979e-01  3.966086e-01  9.999758e-01    0.49349   0.0774255
0.5                    8        5        0.99995      6.763951e-01  3.627670e-04  9.999845e-01    0.3161    7.75615e-05
0.5                    8        5        0.9949874    5.994349e-01  6.450240e-02  9.999845e-01    0.31678   0.0122481
0.5                    8        5        0.979795897  5.069916e-01  3.232667e-01  9.999845e-01    0.31711   0.0519715
0.5                    8        6        0.99995      7.550029e-01  2.501795e-04  9.999892e-01    0.21997   4.15489e-05
0.5                    8        6        0.9949874    6.808139e-01  4.952605e-02  9.999892e-01    0.21912   0.00738821
0.5                    8        6        0.979795897  5.876578e-01  2.760120e-01  9.999892e-01    0.22043   0.0357535
0.5                    8        8        0.99995      8.479518e-01  1.419211e-04  9.999939e-01    0.12324   1.48309e-05
0.5                    8        8        0.9949874    7.812250e-01  3.392015e-02  9.999939e-01    0.12328   0.00326681
0.5                    8        8        0.979795897  6.909418e-01  2.199992e-01  9.999939e-01    0.12358   0.0187849
.70710678118654752440  2        1        0.99995      2.986229e-06  5.800505e-03  9.988375e-01    5.2965    9.16374e-08
.70710678118654752440  2        1        0.9949874    3.119913e-04  3.429487e-01  9.988375e-01    5.2737    0.000563614
.70710678118654752440  2        1        0.979795897  1.414774e-03  6.059992e-01  9.988375e-01    5.2766    0.00451864
.70710678118654752440  2        2        0.99995      1.106047e-01  1.866799e-03  9.997091e-01    1.3172    0.000271892
.70710678118654752440  2        2        0.9949874    8.750331e-02  2.096964e-01  9.997091e-01    1.3196    0.0242065
.70710678118654752440  2        2        0.979795897  6.813701e-02  5.816831e-01  9.997091e-01    1.3186    0.0522464
.70710678118654752440  2        3        0.99995      2.954787e-01  7.575457e-04  9.998707e-01    0.58741   0.000131468
.70710678118654752440  2        3        0.9949874    2.279393e-01  1.093961e-01  9.998707e-01    0.58583   0.0146062
.70710678118654752440  2        3        0.979795897  1.700339e-01  4.304553e-01  9.998707e-01    0.58575   0.0428667
.70710678118654752440  2        4        0.99995      4.583673e-01  4.139810e-04  9.999273e-01    0.32958   6.2535e-05
.70710678118654752440  2        4        0.9949874    3.471164e-01  7.080240e-02  9.999273e-01    0.32959   0.00809964
.70710678118654752440  2        4        0.979795897  2.420200e-01  3.490773e-01  9.999273e-01    0.3295    0.0278354
.70710678118654752440  2        5        0.99995      5.807484e-01  2.634923e-04  9.999534e-01    0.21088   3.22679e-05
.70710678118654752440  2        5        0.9949874    4.359281e-01  5.233497e-02  9.999534e-01    0.21092   0.00481176
.70710678118654752440  2        5        0.979795897  2.788846e-01  3.109083e-01  9.999534e-01    0.2112    0.0183118
.70710678118654752440  2        6        0.99995      6.706870e-01  1.837864e-04  9.999677e-01    0.14629   1.80316e-05
.70710678118654752440  2        6        0.9949874    4.982704e-01  4.214507e-02  9.999677e-01    0.14653   0.00307698
.70710678118654752440  2        6        0.979795897  2.808892e-01  3.012337e-01  9.999677e-01    0.14623   0.0123726
.70710678118654752440  2        8        0.99995      7.846197e-01  1.055762e-04  9.999818e-01    0.082215  6.81033e-06
.70710678118654752440  2        8        0.9949874    5.643786e-01  3.232721e-02  9.999818e-01    0.08246   0.00150444
.70710678118654752440  2        8        0.979795897  1.749805e-01  3.685705e-01  9.999818e-01    0.082328  0.00530945
.70710678118654752440  3        1        0.99995      9.336864e-07  1.837484e-03  9.988375e-01    5.2784    9.04527e-09
.70710678118654752440  3        1        0.9949874    8.387852e-05  1.484939e-01  9.988375e-01    5.2812    6.57032e-05
.70710678118654752440  3        1        0.979795897  2.335726e-04  3.722394e-01  9.988375e-01    5.2824    0.000458744
.70710678118654752440  3        2        0.99995      2.079377e-02  1.452016e-03  9.997091e-01    1.3192    3.98189e-05
.70710678118654752440  3        2        0.9949874    1.757264e-02  1.369551e-01  9.997091e-01    1.3202    0.00317635
.70710678118654752440  3        2        0.979795897  1.736641e-02  3.725090e-01  9.997091e-01    1.3188    0.00852903
.70710678118654752440  3        3        0.99995      6.547692e-02  9.959239e-04  9.998707e-01    0.586     3.82081e-05
.70710678118654752440  3        3        0.9949874    3.557687e-02  1.176934e-01  9.998707e-01    0.58627   0.00245449
.70710678118654752440  3        3        0.979795897  1.947308e-02  3.356182e-01  9.998707e-01    0.58728   0.00383768
.70710678118654752440  3        4        0.99995      1.210815e-01  6.964586e-04  9.999273e-01    0.32989   2.7817e-05
.70710678118654752440  3        4        0.9949874    4.106095e-02  1.075818e-01  9.999273e-01    0.33013   0.00145821
.70710678118654752440  3        4        0.979795897  5.243220e-03  2.810875e-01  9.999273e-01    0.33104   0.000487852
.70710678118654752440  3        5        0.99995      1.807589e-01  5.082555e-04  9.999534e-01    0.21113   1.9396e-05
.70710678118654752440  3        5        0.9949874    3.311644e-02  1.049671e-01  9.999534e-01    0.21091   0.000733118
.70710678118654752440  3        5        0.979795897  3.796003e-03  1.662446e-01  9.999534e-01    0.21125   0.000133306
.70710678118654752440  3        6        0.99995      2.399269e-01  3.865337e-04  9.999677e-01    0.14641   1.35776e-05
.70710678118654752440  3        6        0.9949874    1.637866e-02  1.055273e-01  9.999677e-01    0.14686   0.000253824
.70710678118654752440  3        6        0.979795897  6.036401e-02  4.854127e-02  9.999677e-01    0.14614   0.000428198
.70710678118654752440  3        8        0.99995      3.458602e-01  2.470560e-04  9.999818e-01    0.082616  7.05915e-06
.70710678118654752440  3        8        0.9949874    6.429988e-03  6.986902e-02  9.999818e-01    0.08246   3.70451e-05
.70710678118654752440  3        8        0.979795897  3.550927e-01  3.321881e-04  9.999818e-01    0.082514  9.73297e-06
.70710678118654752440  4        1        0.99995      1.299063e-05  8.854363e-05  9.988375e-01    5.2647    6.04862e-09
.70710678118654752440  4        1        0.9949874    1.267460e-03  9.336908e-03  9.988375e-01    5.2869    6.24933e-05
.70710678118654752440  4        1        0.979795897  4.692348e-03  4.184869e-02  9.988375e-01    5.2683    0.00103333
.70710678118654752440  4        2        0.99995      9.823384e-03  6.984959e-05  9.997091e-01    1.3194    9.05055e-07
.70710678118654752440  4        2        0.9949874    6.289894e-03  2.634129e-03  9.997091e-01    1.3178    2.18275e-05
.70710678118654752440  4        2        0.979795897  1.941532e-03  2.609602e-03  9.997091e-01    1.3213    6.69259e-06
.70710678118654752440  4        3        0.99995      3.516467e-02  4.839321e-05  9.998707e-01    0.58532   9.95929e-07
.70710678118654752440  4        3        0.9949874    4.521465e-02  1.794155e-04  9.998707e-01    0.58553   4.74933e-06
.70710678118654752440  4        3        0.979795897  4.403213e-02  5.170270e-03  9.998707e-01    0.58663   0.000133534
.70710678118654752440  4        4        0.99995      7.228266e-02  3.247470e-05  9.999273e-01    0.33006   7.74713e-07
.70710678118654752440  4        4        0.9949874    1.225035e-01  1.171704e-04  9.999273e-01    0.32973   4.73253e-06
.70710678118654752440  4        4        0.979795897  1.463596e-01  1.775020e-02  9.999273e-01    0.33018   0.000857716
.70710678118654752440  4        5        0.99995      1.187834e-01  2.187892e-05  9.999534e-01    0.21142   5.49424e-07
.70710678118654752440  4        5        0.9949874    2.288614e-01  6.186843e-04  9.999534e-01    0.21103   2.9879e-05
.70710678118654752440  4        5        0.979795897  2.805634e-01  2.560139e-02  9.999534e-01    0.21111   0.00151629
.70710678118654752440  4        6        0.99995      1.722331e-01  1.498901e-05  9.999677e-01    0.14654   3.78296e-07
.70710678118654752440  4        6        0.9949874    3.449819e-01  1.094122e-03  9.999677e-01    0.14664   5.53478e-05
.70710678118654752440  4        6        0.979795897  4.222251e-01  2.957898e-02  9.999677e-01    0.14682   0.00183357
.70710678118654752440  4        8        0.99995      2.872736e-01  7.450173e-06  9.999818e-01    0.08242   1.76395e-07
.70710678118654752440  4        8        0.9949874    5.672163e-01  1.691238e-03  9.999818e-01    0.082469  7.91109e-05
.70710678118654752440  4        8        0.979795897  6.184850e-01  3.236557e-02  9.999818e-01    0.08191   0.00163961
.70710678118654752440  6        1        0.99995      3.826938e-05  3.303036e-03  9.988375e-01    5.2766    6.66214e-07
.70710678118654752440  6        1        0.9949874    3.818488e-03  2.215556e-01  9.988375e-01    5.2777    0.00445978
.70710678118654752440  6        1        0.979795897  1.515809e-02  4.303043e-01  9.988375e-01    5.2683    0.034323
.70710678118654752440  6        2        0.99995      1.153045e-01  5.443350e-04  9.997091e-01    1.3191    8.27683e-05
.70710678118654752440  6        2        0.9949874    8.142816e-02  7.524729e-02  9.997091e-01    1.3204    0.00808807
.70710678118654752440  6        2        0.979795897  4.808866e-02  3.217612e-01  9.997091e-01    1.3169    0.0203706
.70710678118654752440  6        3        0.99995      3.009386e-01  1.954643e-04  9.998707e-01    0.58572   3.44492e-05
.70710678118654752440  6        3        0.9949874    2.545661e-01  3.131368e-02  9.998707e-01    0.58465   0.00465988
.70710678118654752440  6        3        0.979795897  1.986901e-01  1.699399e-01  9.998707e-01    0.58649   0.0198005
.70710678118654752440  6        4        0.99995      4.636392e-01  1.033035e-04  9.999273e-01    0.33041   1.5824e-05
.70710678118654752440  6        4        0.9949874    4.160389e-01  1.873193e-02  9.999273e-01    0.32927   0.00256588
.70710678118654752440  6        4        0.979795897  3.506084e-01  1.151728e-01  9.999273e-01    0.32931   0.0132968
.70710678118654752440  6        5        0.99995      5.878336e-01  6.487492e-05  9.999534e-01    0.2107    8.03481e-06
.70710678118654752440  6        5        0.9949874    5.421030e-01  1.319838e-02  9.999534e-01    0.21186   0.00151576
.70710678118654752440  6        5        0.979795897  4.722706e-01  8.884913e-02  9.999534e-01    0.21107   0.00885626
.70710678118654752440  6        6        0.99995      6.788663e-01  4.496009e-05  9.999677e-01    0.14639   4.46796e-06
.70710678118654752440  6        6        0.9949874    6.353747e-01  1.018848e-02  9.999677e-01    0.14681   0.000950344
.70710678118654752440  6        6        0.979795897  5.633306e-01  7.375618e-02  9.999677e-01    0.14667   0.00609381
.70710678118654752440  6        8        0.99995      7.943979e-01  2.569202e-05  9.999818e-01    0.082103  1.67567e-06
.70710678118654752440  6        8        0.9949874    7.544630e-01  7.088077e-03  9.999818e-01    0.082544  0.000441412
.70710678118654752440  6        8        0.979795897  6.808961e-01  5.742934e-02  9.999818e-01    0.08238   0.00322128
.70710678118654752440  8        1        0.99995      4.925184e-05  1.524395e-02  9.988375e-01    5.2832    3.96198e-06
.70710678118654752440  8        1        0.9949874    4.931577e-03  5.336622e-01  9.988375e-01    5.2866    0.0138971
.70710678118654752440  8        1        0.979795897  1.979858e-02  7.060800e-01  9.988375e-01    5.2639    0.0735005
.70710678118654752440  8        2        0.99995      1.636983e-01  8.571686e-04  9.997091e-01    1.3149    0.000184449
.70710678118654752440  8        2        0.9949874    1.166886e-01  1.143471e-01  9.997091e-01    1.3205    0.0176143
.70710678118654752440  8        2        0.979795897  7.218960e-02  4.423547e-01  9.997091e-01    1.3201    0.042143
.70710678118654752440  8        3        0.99995      3.871259e-01  2.839293e-04  9.998707e-01    0.58466   6.42554e-05
.70710678118654752440  8        3        0.9949874    3.181373e-01  4.307389e-02  9.998707e-01    0.58542   0.00802121
.70710678118654752440  8        3        0.979795897  2.443646e-01  2.184200e-01  9.998707e-01    0.58756   0.0313564
.70710678118654752440  8        4        0.99995      5.563491e-01  1.467663e-04  9.999273e-01    0.32984   2.69306e-05
.70710678118654752440  8        4        0.9949874    4.805387e-01  2.479009e-02  9.999273e-01    0.3303    0.00393444
.70710678118654752440  8        4        0.979795897  3.938908e-01  1.428314e-01  9.999273e-01    0.3294    0.0185307
.70710678118654752440  8        5        0.99995      6.724527e-01  9.119601e-05  9.999534e-01    0.21183   1.29899e-05
.70710678118654752440  8        5        0.9949874    5.966143e-01  1.703939e-02  9.999534e-01    0.21093   0.0021442
.70710678118654752440  8        5        0.979795897  5.052518e-01  1.074107e-01  9.999534e-01    0.21043   0.0114194
.70710678118654752440  8        6        0.99995      7.514863e-01  6.277963e-05  9.999677e-01    0.14653   6.91277e-06
.70710678118654752440  8        6        0.9949874    6.783278e-01  1.290537e-02  9.999677e-01    0.14654   0.00128278
.70710678118654752440  8        6        0.979795897  5.861254e-01  8.739101e-02  9.999677e-01    0.14683   0.0075207
.70710678118654752440  8        8        0.99995      8.453975e-01  3.555289e-05  9.999818e-01    0.082209  2.47086e-06
.70710678118654752440  8        8        0.9949874    7.794848e-01  8.717229e-03  9.999818e-01    0.082379  0.000559751
.70710678118654752440  8        8        0.979795897  6.898930e-01  6.600409e-02  9.999818e-01    0.082312  0.00374807
