MHs   MDM   MZp   BR(Hs->hh)    Xsec
270   150   500   3.056064e-01  0.04094290268523719
270   150   600   3.063099e-01  0.03756659260097311
270   150   700   3.068122e-01  0.03558272459055731
270   150   800   3.071889e-01  0.034407289300339115
270   150   900   3.074818e-01  0.03185715630020229
270   150   1000  3.077161e-01  0.028477587700126185
270   150   1250  3.081378e-01  0.018993441300043275
270   150   1500  3.084188e-01  0.011828601220016832
270   150   1750  3.086195e-01  0.0072252569200067715
270   150   2000  3.087701e-01  0.004406448700003023
270   150   2500  3.089808e-01  0.0016574086960006854
270   150   3000  3.091212e-01  0.0006411943175001891
270   150   3500  3.092216e-01  0.0002508299377000656
270   150   4000  3.092968e-01  9.924569596002858e-05
270   150   4500  3.093553e-01  3.928477853001489e-05
270   150   5000  3.094021e-01  1.541911641600845e-05
270   200   500   3.056064e-01  0.019286543500793105
270   200   600   3.063099e-01  0.025029484486565824
270   200   700   3.068122e-01  0.024303448600450608
270   200   800   3.071889e-01  0.02320600347028481
270   200   900   3.074818e-01  0.022435293900179273
270   200   1000  3.077161e-01  0.021095896200117346
270   200   1250  3.081378e-01  0.015604269600041193
270   200   1500  3.084188e-01  0.010302934000015772
270   200   1750  3.086195e-01  0.006528991740006536
270   200   2000  3.087701e-01  0.004085837170002821
270   200   2500  3.089808e-01  0.0015759295750006315
270   200   3000  3.091212e-01  0.0006195868060001686
270   200   3500  3.092216e-01  0.00024397066450005514
270   200   4000  3.092968e-01  9.720591453002258e-05
270   200   4500  3.093553e-01  3.844536746001159e-05
270   200   5000  3.094021e-01  1.5191848179005864e-05
270   300   500   3.056064e-01  0.00021717980002730963
270   300   600   3.063099e-01  0.0007205675400300401
270   300   700   3.068122e-01  0.006879482560138219
270   300   800   3.071889e-01  0.010138993012445844
270   300   900   3.074818e-01  0.010640195020115064
270   300   1000  3.077161e-01  0.010462349500083068
270   300   1250  3.081378e-01  0.009354648400033725
270   300   1500  3.084188e-01  0.007157527760013421
270   300   1750  3.086195e-01  0.005000189110005772
270   300   2000  3.087701e-01  0.003303462620002509
270   300   2500  3.089808e-01  0.0013736596600005492
270   300   3000  3.091212e-01  0.0005593690060001396
270   300   3500  3.092216e-01  0.00022666510270004131
270   300   4000  3.092968e-01  9.130614930001472e-05
270   300   4500  3.093553e-01  3.6594923830006644e-05
270   300   5000  3.094021e-01  1.4497898020003281e-05
270   400   700   3.068122e-01  0.00011845414981604175
270   400   800   3.071889e-01  0.0003654478400079015
270   400   900   3.074818e-01  0.002791841340032525
270   400   1000  3.077161e-01  0.004430022367339531
270   400   1250  3.081378e-01  0.004993457010023738
270   400   1500  3.084188e-01  0.004440882420010904
270   400   1750  3.086195e-01  0.0034775856000048714
270   400   2000  3.087701e-01  0.002495630500002248
270   400   2500  3.089808e-01  0.0011497174030004956
270   400   3000  3.091212e-01  0.0004894060000001201
270   400   3500  3.092216e-01  0.00020514202460003307
270   400   4000  3.092968e-01  8.45744241000108e-05
270   400   4500  3.093553e-01  3.428227238000413e-05
270   400   5000  3.094021e-01  1.3749176950001933e-05
270   500   900   3.074818e-01  6.819642700179798e-05
270   500   1000  3.077161e-01  0.00019728589000259474
270   500   1250  3.081378e-01  0.002316302853012813
270   500   1500  3.084188e-01  0.0025226740400079665
270   500   1750  3.086195e-01  0.0022310306900039534
270   500   2000  3.087701e-01  0.0017683933650018916
270   500   2500  3.089808e-01  0.0009180763040004458
270   500   3000  3.091212e-01  0.00041799697350010715
270   500   3500  3.092216e-01  0.00018182666980002795
270   500   4000  3.092968e-01  7.688515480000813e-05
270   500   4500  3.093553e-01  3.171216606000269e-05
270   500   5000  3.094021e-01  1.2832854100001267e-05
270   600   1250  3.081378e-01  0.000324081610002055
270   600   1500  3.084188e-01  0.0012613299810044923
270   600   1750  3.086195e-01  0.0013392332650029606
270   600   2000  3.087701e-01  0.001179723764001561
270   600   2500  3.089808e-01  0.0006993135830003825
270   600   3000  3.091212e-01  0.00034737173710009577
270   600   3500  3.092216e-01  0.00015727601390002488
270   600   4000  3.092968e-01  6.870565290000693e-05
270   600   4500  3.093553e-01  2.8894104640002126e-05
270   600   5000  3.094021e-01  1.1902379620000803e-05
270   700   1250  3.081378e-01  1.991934450024306e-05
270   700   1500  3.084188e-01  0.000308253131357213
270   700   1750  3.086195e-01  0.0007098127410017535
270   700   2000  3.087701e-01  0.00073455394900116
270   700   2500  3.089808e-01  0.0005114843580003316
270   700   3000  3.091212e-01  0.00027866935580008476
270   700   3500  3.092216e-01  0.000133525426000022
270   700   4000  3.092968e-01  6.030012520000579e-05
270   700   4500  3.093553e-01  2.6039367300001685e-05
270   700   5000  3.094021e-01  1.0861768370000594e-05
270   800   1500  3.084188e-01  1.533387500010559e-05
270   800   1750  3.086195e-01  0.00023409968405062133
270   800   2000  3.087701e-01  0.0004121305902007275
270   800   2500  3.089808e-01  0.00035815663220026923
270   800   3000  3.091212e-01  0.00021630510750007535
270   800   3500  3.092216e-01  0.00011075876156001981
270   800   4000  3.092968e-01  5.2008185230005136e-05
270   800   4500  3.093553e-01  2.3163501950001436e-05
270   800   5000  3.094021e-01  9.820285750000446e-06
270   900   1750  3.086195e-01  1.3256975000054681e-05
270   900   2000  3.087701e-01  0.00016301844290030797
270   900   2500  3.089808e-01  0.0002387475450002102
270   900   3000  3.091212e-01  0.00016272801840006403
270   900   3500  3.092216e-01  8.960514561001758e-05
270   900   4000  3.092968e-01  4.4192886740004544e-05
270   900   4500  3.093553e-01  2.0167137400001206e-05
270   900   5000  3.094021e-01  8.805821531000349e-06
270   1000  2000  3.087701e-01  1.4219393650236657e-05
270   1000  2500  3.089808e-01  0.000145299120900139
270   1000  3000  3.091212e-01  0.00011843454930005294
270   1000  3500  3.092216e-01  7.074267647001555e-05
270   1000  4000  3.092968e-01  3.6758893970004044e-05
270   1000  4500  3.093553e-01  1.7432160232001036e-05
270   1000  5000  3.094021e-01  7.76946589700029e-06
300   200   500   3.409659e-01  0.016376410680763905
300   200   600   3.417107e-01  0.02172777754854606
300   200   700   3.422425e-01  0.021059370392437268
300   200   800   3.426411e-01  0.01965073000968254
300   200   900   3.429511e-01  0.01901280864017729
300   200   1000  3.431990e-01  0.01816019630011491
300   200   1250  3.436452e-01  0.014048219100040693
300   200   1500  3.439425e-01  0.009639568900015629
300   200   1750  3.441548e-01  0.006202835320006509
300   200   2000  3.443141e-01  0.003932537390002856
300   200   2500  3.445369e-01  0.0015571087780006398
300   200   3000  3.446855e-01  0.0006188576800001666
300   200   3500  3.447916e-01  0.0002461046004000561
300   200   4000  3.448712e-01  9.90985270000226e-05
300   200   4500  3.449331e-01  3.963316727001116e-05
300   200   5000  3.449826e-01  1.5684188893006533e-05
300   300   500   3.409659e-01  0.00019119060002674448
300   300   600   3.417107e-01  0.0006309659700296898
300   300   700   3.422425e-01  0.006034857220131801
300   300   800   3.426411e-01  0.008940268618111829
300   300   900   3.429511e-01  0.009457267848111144
300   300   1000  3.431990e-01  0.009165922510081905
300   300   1250  3.436452e-01  0.008312123900033065
300   300   1500  3.439425e-01  0.006568280760013323
300   300   1750  3.441548e-01  0.004690684380005793
300   300   2000  3.443141e-01  0.003174465180002488
300   300   2500  3.445369e-01  0.0013510104780005612
300   300   3000  3.446855e-01  0.0005578343230001412
300   300   3500  3.447916e-01  0.00022809430680004205
300   300   4000  3.448712e-01  9.335228790001432e-05
300   300   4500  3.449331e-01  3.7607041140006984e-05
300   300   5000  3.449826e-01  1.505275063000372e-05
300   400   700   3.422425e-01  0.00010597935266600681
300   400   800   3.426411e-01  0.000327724180007854
300   400   900   3.429511e-01  0.0025092357900321363
300   400   1000  3.431990e-01  0.003991400658789142
300   400   1250  3.436452e-01  0.004476205580023677
300   400   1500  3.439425e-01  0.004040089610010923
300   400   1750  3.441548e-01  0.0032469941800049797
300   400   2000  3.443141e-01  0.0023757984300022254
300   400   2500  3.445369e-01  0.001121096871000495
300   400   3000  3.446855e-01  0.0004889020670001249
300   400   3500  3.447916e-01  0.00020544514920003306
300   400   4000  3.448712e-01  8.640404360001087e-05
300   400   4500  3.449331e-01  3.522417655000445e-05
300   400   5000  3.449826e-01  1.4168309710002097e-05
300   500   900   3.429511e-01  6.17444070018091e-05
300   500   1000  3.431990e-01  0.00017869111000260048
300   500   1250  3.436452e-01  0.002120287402312546
300   500   1500  3.439425e-01  0.0023052284300079376
300   500   1750  3.441548e-01  0.002060094520003956
300   500   2000  3.443141e-01  0.0016714006300018963
300   500   2500  3.445369e-01  0.0008885176760004427
300   500   3000  3.446855e-01  0.0004160314470001076
300   500   3500  3.447916e-01  0.00018329683750002864
300   500   4000  3.448712e-01  7.798234590000857e-05
300   500   4500  3.449331e-01  3.2444935660002964e-05
300   500   5000  3.449826e-01  1.3210233100001323e-05
300   600   1250  3.436452e-01  0.00029810732200200046
300   600   1500  3.439425e-01  0.0011675910412044972
300   600   1750  3.441548e-01  0.0012327232040029365
300   600   2000  3.443141e-01  0.0010997950620015558
300   600   2500  3.445369e-01  0.0006773008590003923
300   600   3000  3.446855e-01  0.0003406750505000983
300   600   3500  3.447916e-01  0.00015855717250002447
300   600   4000  3.448712e-01  6.958065520000693e-05
300   600   4500  3.449331e-01  2.9547758510002207e-05
300   600   5000  3.449826e-01  1.219957940000078e-05
300   700   1250  3.436452e-01  1.83827883002457e-05
300   700   1500  3.439425e-01  0.00028637002022780466
300   700   1750  3.441548e-01  0.000660311029001753
300   700   2000  3.443141e-01  0.0006860561440011504
300   700   2500  3.445369e-01  0.0004902272530003337
300   700   3000  3.446855e-01  0.00027251082390008586
300   700   3500  3.447916e-01  0.00013350030790002237
300   700   4000  3.448712e-01  6.0970011710005904e-05
300   700   4500  3.449331e-01  2.652503237000171e-05
300   700   5000  3.449826e-01  1.1183282310000565e-05
300   800   1500  3.439425e-01  1.4263179000108752e-05
300   800   1750  3.441548e-01  0.00021915145648063205
300   800   2000  3.443141e-01  0.000385553131300734
300   800   2500  3.445369e-01  0.00034114353740027003
300   800   3000  3.446855e-01  0.00020978295710007537
300   800   3500  3.447916e-01  0.00011001432657001949
300   800   4000  3.448712e-01  5.249621772000524e-05
300   800   4500  3.449331e-01  2.352298909000145e-05
300   800   5000  3.449826e-01  1.0097223480000466e-05
300   900   1750  3.441548e-01  1.237450900005558e-05
300   900   2000  3.443141e-01  0.00015378437010031098
300   900   2500  3.445369e-01  0.00022510315340020727
300   900   3000  3.446855e-01  0.00015628516250006458
300   900   3500  3.447916e-01  8.846356906001761e-05
300   900   4000  3.448712e-01  4.419825562000463e-05
300   900   4500  3.449331e-01  2.0424637580001242e-05
300   900   5000  3.449826e-01  9.022341735000352e-06
300   1000  2000  3.443141e-01  1.3341611000037291e-05
300   1000  2500  3.445369e-01  0.00013724152800014038
300   1000  3000  3.446855e-01  0.00011384140810005266
300   1000  3500  3.447916e-01  6.95232590800153e-05
300   1000  4000  3.448712e-01  3.669808342000408e-05
300   1000  4500  3.449331e-01  1.76846389980011e-05
300   1000  5000  3.449826e-01  7.990020406000296e-06
400   300   500   2.954450e-01  8.236884001612134e-05
400   300   600   2.961351e-01  0.0002645673700171358
400   300   700   2.966279e-01  0.002512732290076411
400   300   800   2.969974e-01  0.003847250040081827
400   300   900   2.972848e-01  0.00415033981786756
400   300   1000  2.975146e-01  0.003962295628049031
400   300   1250  2.979283e-01  0.003478748420020073
400   300   1500  2.982041e-01  0.0030409191800083875
400   300   1750  2.984010e-01  0.002356409970003591
400   300   2000  2.985487e-01  0.0016908655500016054
400   300   2500  2.987555e-01  0.0007794684350003525
400   300   3000  2.988933e-01  0.0003401311290000906
400   300   3500  2.989917e-01  0.00014436296850002718
400   300   4000  2.990656e-01  6.079314221001005e-05
400   300   4500  2.991230e-01  2.5171041710004486e-05
400   300   5000  2.991689e-01  1.0248593967002552e-05
400   400   700   2.966279e-01  4.732981559371093e-05
400   400   800   2.969974e-01  0.0001456675910045037
400   400   900   2.972848e-01  0.0011136885760186287
400   400   1000  2.975146e-01  0.0018166653450231753
400   400   1250  2.979283e-01  0.0019955514140143826
400   400   1500  2.982041e-01  0.001814225580006705
400   400   1750  2.984010e-01  0.0015666269900030713
400   400   2000  2.985487e-01  0.0012288146090014003
400   400   2500  2.987555e-01  0.0006376621970003143
400   400   3000  2.988933e-01  0.00029429079300007815
400   400   3500  2.989917e-01  0.00012970421920002173
400   400   4000  2.990656e-01  5.56787079000072e-05
400   400   4500  2.991230e-01  2.3447129720002895e-05
400   400   5000  2.991689e-01  9.690469320001387e-06
400   500   900   2.972848e-01  2.8609627701133293e-05
400   500   1000  2.975146e-01  8.298046600152771e-05
400   500   1250  2.979283e-01  0.0010047124972615473
400   500   1500  2.982041e-01  0.0010662480550048886
400   500   1750  2.984010e-01  0.0009761764600024849
400   500   2000  2.985487e-01  0.0008355159470012049
400   500   2500  2.987555e-01  0.0004948363470002805
400   500   3000  2.988933e-01  0.00024707868530007024
400   500   3500  2.989917e-01  0.00011406458930001856
400   500   4000  2.990656e-01  5.03029531000056e-05
400   500   4500  2.991230e-01  2.1546404310001975e-05
400   500   5000  2.991689e-01  8.980153340000937e-06
400   600   1250  2.979283e-01  0.00014288585000123662
400   600   1500  2.982041e-01  0.0005707324503327777
400   600   1750  2.984010e-01  0.0005918222600017977
400   600   2000  2.985487e-01  0.0005399064890009782
400   600   2500  2.987555e-01  0.0003661854010002461
400   600   3000  2.988933e-01  0.0001994808402000613
400   600   3500  2.989917e-01  9.694821970001605e-05
400   600   4000  2.990656e-01  4.4165145800004585e-05
400   600   4500  2.991230e-01  1.943463018000145e-05
400   600   5000  2.991689e-01  8.245610830000606e-06
400   700   1250  2.979283e-01  8.926802700160198e-06
400   700   1500  2.982041e-01  0.00014103459600073269
400   700   1750  2.984010e-01  0.0003311910001010893
400   700   2000  2.985487e-01  0.00033661262900072365
400   700   2500  2.987555e-01  0.00025916511850021046
400   700   3000  2.988933e-01  0.00015614803250005424
400   700   3500  2.989917e-01  8.10127553000143e-05
400   700   4000  2.990656e-01  3.84878891800038e-05
400   700   4500  2.991230e-01  1.7226952210001147e-05
400   700   5000  2.991689e-01  7.460487910000429e-06
400   800   1500  2.982041e-01  7.10292680006804e-06
400   800   1750  2.984010e-01  0.00011104059277671325
400   800   2000  2.985487e-01  0.00019542432720045865
400   800   2500  2.987555e-01  0.00017521998380017298
400   800   3000  2.988933e-01  0.00011811886190004809
400   800   3500  2.989917e-01  6.555110976001267e-05
400   800   4000  2.990656e-01  3.270755153000336e-05
400   800   4500  2.991230e-01  1.5185427370000953e-05
400   800   5000  2.991689e-01  6.727991060000306e-06
400   900   1750  2.984010e-01  6.31676360003475e-06
400   900   2000  2.985487e-01  7.958376518519145e-05
400   900   2500  2.987555e-01  0.00011561523150013
400   900   3000  2.988933e-01  8.62934155000408e-05
400   900   3500  2.989917e-01  5.160981786001113e-05
400   900   4000  2.990656e-01  2.718050130000296e-05
400   900   4500  2.991230e-01  1.3136710580000786e-05
400   900   5000  2.991689e-01  5.93073744200023e-06
400   1000  2000  2.985487e-01  6.917106600023008e-06
400   1000  2500  2.987555e-01  7.140227110008825e-05
400   1000  3000  2.988933e-01  6.0768972900033754e-05
400   1000  3500  2.989917e-01  3.978170776000962e-05
400   1000  4000  2.990656e-01  2.2225403820002632e-05
400   1000  4500  2.991230e-01  1.1163045865000706e-05
400   1000  5000  2.991689e-01  5.198691817000189e-06
500   300   500   2.585880e-01  3.94606590099571e-05
500   300   600   2.592237e-01  0.0001215635230102519
500   300   700   2.596777e-01  0.0011527739340455128
500   300   800   2.600182e-01  0.0018019532820498353
500   300   900   2.602830e-01  0.001972363223041013
500   300   1000  2.604949e-01  0.00192046873307025
500   300   1250  2.608762e-01  0.0015601377400126656
500   300   1500  2.611304e-01  0.0014262835700053044
500   300   1750  2.613120e-01  0.0012074736000023283
500   300   2000  2.614482e-01  0.0009298635670010471
500   300   2500  2.616388e-01  0.00046756144100023483
500   300   3000  2.617659e-01  0.00021494230040006008
500   300   3500  2.618567e-01  9.445483070001793e-05
500   300   4000  2.619248e-01  4.0748880420006604e-05
500   300   4500  2.619778e-01  1.7292444250002992e-05
500   300   5000  2.620201e-01  7.160846138001722e-06
500   400   700   2.596777e-01  2.3195609062372403e-05
500   400   800   2.600182e-01  7.041467900287241e-05
500   400   900   2.602830e-01  0.0005344628820114701
500   400   1000  2.604949e-01  0.0008896277340143529
500   400   1250  2.608762e-01  0.0010033035934090171
500   400   1500  2.611304e-01  0.0008544761270042567
500   400   1750  2.613120e-01  0.0007752251400019594
500   400   2000  2.614482e-01  0.0006540238740009119
500   400   2500  2.616388e-01  0.00037409702900020794
500   400   3000  2.617659e-01  0.00018382448560005146
500   400   3500  2.618567e-01  8.413497390001453e-05
500   400   4000  2.619248e-01  3.7253157800005034e-05
500   400   4500  2.619778e-01  1.6039052630001997e-05
500   400   5000  2.620201e-01  6.7147915190009435e-06
500   500   900   2.602830e-01  1.4385908300705796e-05
500   500   1000  2.604949e-01  4.138758100095074e-05
500   500   1250  2.608762e-01  0.0005125717410047547
500   500   1500  2.611304e-01  0.0005492111241131306
500   500   1750  2.613120e-01  0.000482180815001594
500   500   2000  2.614482e-01  0.000431455284000775
500   500   2500  2.616388e-01  0.0002829423350001823
500   500   3000  2.617659e-01  0.00015145048280004514
500   500   3500  2.618567e-01  7.289763700001218e-05
500   500   4000  2.619248e-01  3.33415701000038e-05
500   500   4500  2.619778e-01  1.4672712740001366e-05
500   500   5000  2.620201e-01  6.234882880000655e-06
500   600   1250  2.608762e-01  7.335667000075138e-05
500   600   1500  2.611304e-01  0.00029922530114235137
500   600   1750  2.613120e-01  0.0003084734685011712
500   600   2000  2.614482e-01  0.0002748704720006253
500   600   2500  2.616388e-01  0.00020342907770016133
500   600   3000  2.617659e-01  0.00012006657270004034
500   600   3500  2.618567e-01  6.146973990001072e-05
500   600   4000  2.619248e-01  2.9113705980002967e-05
500   600   4500  2.619778e-01  1.3103578250001042e-05
500   600   5000  2.620201e-01  5.6815148600004395e-06
500   700   1250  2.608762e-01  4.670988920103266e-06
500   700   1500  2.611304e-01  7.425017170046804e-05
500   700   1750  2.613120e-01  0.00017757340900969966
500   700   2000  2.614482e-01  0.0001781232327004628
500   700   2500  2.616388e-01  0.00013972071860013884
500   700   3000  2.617659e-01  9.163801210003565e-05
500   700   3500  2.618567e-01  5.0292888080009405e-05
500   700   4000  2.619248e-01  2.490671065000254e-05
500   700   4500  2.619778e-01  1.1530414160000804e-05
500   700   5000  2.620201e-01  5.12589580000029e-06
500   800   1500  2.611304e-01  3.804635500044073e-06
500   800   1750  2.613120e-01  5.9547695800244344e-05
500   800   2000  2.614482e-01  0.00010697961073029188
500   800   2500  2.616388e-01  9.464562630011169e-05
500   800   3000  2.617659e-01  6.731036200003136e-05
500   800   3500  2.618567e-01  4.008535423000819e-05
500   800   4000  2.619248e-01  2.0851875620002192e-05
500   800   4500  2.619778e-01  1.0042387660000653e-05
500   800   5000  2.620201e-01  4.572339720000217e-06
500   900   1750  2.613120e-01  3.4260981000224557e-06
500   900   2000  2.614482e-01  4.346387071849855e-05
500   900   2500  2.616388e-01  6.266733280008388e-05
500   900   3000  2.617659e-01  4.816051440002667e-05
500   900   3500  2.618567e-01  3.117513749000728e-05
500   900   4000  2.619248e-01  1.7185028450001956e-05
500   900   4500  2.619778e-01  8.618029036000527e-06
500   900   5000  2.620201e-01  4.004014277000168e-06
500   1000  2000  2.614482e-01  3.8098542000143102e-06
500   1000  2500  2.616388e-01  3.967149060005775e-05
500   1000  3000  2.617659e-01  3.3553441740021836e-05
500   1000  3500  2.618567e-01  2.3329062390006393e-05
500   1000  4000  2.619248e-01  1.3796288841001723e-05
500   1000  4500  2.619778e-01  7.227419628000466e-06
500   1000  5000  2.620201e-01  3.47261077500013e-06
600   400   700   2.478212e-01  1.3150723911613748e-05
600   400   800   2.481514e-01  3.9222962001938326e-05
600   400   900   2.484082e-01  0.00029547669700778913
600   400   1000  2.486136e-01  0.0004969955808098212
600   400   1250  2.489834e-01  0.000578369155907327
600   400   1500  2.492300e-01  0.0004728540030030248
600   400   1750  2.494061e-01  0.00042212477600139494
600   400   2000  2.495381e-01  0.000377999928000656
600   400   2500  2.497230e-01  0.0002400903990001489
600   400   3000  2.498463e-01  0.000126267358400038
600   400   3500  2.499343e-01  6.008567870001073e-05
600   400   4000  2.500004e-01  2.7588403430003577e-05
600   400   4500  2.500517e-01  1.2129125570001502e-05
600   400   5000  2.500928e-01  5.16999973800082e-06
600   500   900   2.484082e-01  8.306238000510221e-06
600   500   1000  2.486136e-01  2.3765206700661734e-05
600   500   1250  2.489834e-01  0.0002969769339033383
600   500   1500  2.492300e-01  0.00032346600975221326
600   500   1750  2.494061e-01  0.0002712144431011298
600   500   2000  2.495381e-01  0.00024316384800055643
600   500   2500  2.497230e-01  0.00017772368100013418
600   500   3000  2.498463e-01  0.00010242665160003315
600   500   3500  2.499343e-01  5.167156650000875e-05
600   500   4000  2.500004e-01  2.4342956000002806e-05
600   500   4500  2.500517e-01  1.0974469220001046e-05
600   500   5000  2.500928e-01  4.773565884000514e-06
600   600   1250  2.489834e-01  4.271853790052845e-05
600   600   1500  2.492300e-01  0.00017825951380124157
600   600   1750  2.494061e-01  0.00018484155904482843
600   600   2000  2.495381e-01  0.0001583265165004521
600   600   2500  2.497230e-01  0.00012416288230011777
600   600   3000  2.498463e-01  7.966763400002951e-05
600   600   3500  2.499343e-01  4.30731585000077e-05
600   600   4000  2.500004e-01  2.1168865080002215e-05
600   600   4500  2.500517e-01  9.807688740000775e-06
600   600   5000  2.500928e-01  4.353901100000333e-06
600   700   1250  2.489834e-01  2.7774080900736154e-06
600   700   1500  2.492300e-01  4.442364680032456e-05
600   700   1750  2.494061e-01  0.00010737200725729335
600   700   2000  2.495381e-01  0.00010729751295033325
600   700   2500  2.497230e-01  8.370752050009828e-05
600   700   3000  2.498463e-01  5.93291830000259e-05
600   700   3500  2.499343e-01  3.474525834000676e-05
600   700   4000  2.500004e-01  1.7884774600001888e-05
600   700   4500  2.500517e-01  8.638747210000592e-06
600   700   5000  2.500928e-01  3.8784186000002335e-06
600   800   1500  2.492300e-01  2.3023174000314588e-06
600   800   1750  2.494061e-01  3.6342447400172904e-05
600   800   2000  2.495381e-01  6.570471984211047e-05
600   800   2500  2.497230e-01  5.629862090008065e-05
600   800   3000  2.498463e-01  4.26291880000226e-05
600   800   3500  2.499343e-01  2.7271875670005955e-05
600   800   4000  2.500004e-01  1.4852252330001572e-05
600   800   4500  2.500517e-01  7.380551300000495e-06
600   800   5000  2.500928e-01  3.4362166430001615e-06
600   900   1750  2.494061e-01  2.1043544000157805e-06
600   900   2000  2.495381e-01  2.676841100008815e-05
600   900   2500  2.497230e-01  3.853352980006161e-05
600   900   3000  2.498463e-01  2.99816617800194e-05
600   900   3500  2.499343e-01  2.0566690380005286e-05
600   900   4000  2.500004e-01  1.2029315870001423e-05
600   900   4500  2.500517e-01  6.232246596000382e-06
600   900   5000  2.500928e-01  2.9950384620001238e-06
600   1000  2000  2.495381e-01  2.3635626800101757e-06
600   1000  2500  2.497230e-01  2.488343471404079e-05
600   1000  3000  2.498463e-01  2.068754867001593e-05
600   1000  3500  2.499343e-01  1.5183277800004553e-05
600   1000  4000  2.500004e-01  9.466732651001256e-06
600   1000  4500  2.500517e-01  5.139366347000341e-06
600   1000  5000  2.500928e-01  2.566211017000097e-06
700   400   700   2.437684e-01  8.032614112186883e-06
700   400   800   2.440949e-01  2.335872300137615e-05
700   400   900   2.443489e-01  0.0001756384593055483
700   400   1000  2.445520e-01  0.00029776954410699354
700   400   1250  2.449178e-01  0.00035746575800462414
700   400   1500  2.451616e-01  0.00028736002994227426
700   400   1750  2.453357e-01  0.00024145986200104806
700   400   2000  2.454664e-01  0.00022502535310048189
700   400   2500  2.456492e-01  0.0001590369890001104
700   400   3000  2.457711e-01  8.953555250002764e-05
700   400   3500  2.458582e-01  4.5048036500008026e-05
700   400   4000  2.459235e-01  2.102921692000276e-05
700   400   4500  2.459743e-01  9.52536075000122e-06
700   400   5000  2.460150e-01  4.150824762000614e-06
700   500   900   2.443489e-01  5.1424470003626245e-06
700   500   1000  2.445520e-01  1.4515590000462927e-05
700   500   1250  2.449178e-01  0.00018354189550240466
700   500   1500  2.451616e-01  0.00020332015404793538
700   500   1750  2.453357e-01  0.00016698002990085553
700   500   2000  2.454664e-01  0.0001442488538304213
700   500   2500  2.456492e-01  0.00011483947090010063
700   500   3000  2.457711e-01  7.143021480002487e-05
700   500   3500  2.458582e-01  3.805951850000668e-05
700   500   4000  2.459235e-01  1.8643804290002164e-05
700   500   4500  2.459743e-01  8.621795980000819e-06
700   500   5000  2.460150e-01  3.816760196000399e-06
700   600   1250  2.449178e-01  2.659951740039022e-05
700   600   1500  2.451616e-01  0.00011243818650090922
700   600   1750  2.453357e-01  0.00011818392300661765
700   600   2000  2.454664e-01  9.860208950033519e-05
700   600   2500  2.456492e-01  7.777931010008683e-05
700   600   3000  2.457711e-01  5.430283710002202e-05
700   600   3500  2.458582e-01  3.115066845000584e-05
700   600   4000  2.459235e-01  1.6065393390001716e-05
700   600   4500  2.459743e-01  7.5843617400006085e-06
700   600   5000  2.460150e-01  3.470833601000266e-06
700   700   1250  2.449178e-01  1.758763980053835e-06
700   700   1500  2.451616e-01  2.8180197900240037e-05
700   700   1750  2.453357e-01  6.912200970037135e-05
700   700   2000  2.454664e-01  6.973674596724965e-05
700   700   2500  2.456492e-01  5.1940773300073655e-05
700   700   3000  2.457711e-01  3.964287700001941e-05
700   700   3500  2.458582e-01  2.4779960720005216e-05
700   700   4000  2.459235e-01  1.3400454680001466e-05
700   700   4500  2.459743e-01  6.6293741000004626e-06
700   700   5000  2.460150e-01  3.090825390000184e-06
700   800   1500  2.451616e-01  1.4755203000236943e-06
700   800   1750  2.453357e-01  2.3472312730129073e-05
700   800   2000  2.454664e-01  4.271814137440679e-05
700   800   2500  2.456492e-01  3.544983840006096e-05
700   800   3000  2.457711e-01  2.7689575300017025e-05
700   800   3500  2.458582e-01  1.8956799460004534e-05
700   800   4000  2.459235e-01  1.0971691250001241e-05
700   800   4500  2.459743e-01  5.647525750000357e-06
700   800   5000  2.460150e-01  2.697492498000132e-06
700   900   1750  2.453357e-01  1.3667627500117968e-06
700   900   2000  2.454664e-01  1.7517380390066053e-05
700   900   2500  2.456492e-01  2.524107419004602e-05
700   900   3000  2.457711e-01  1.913540008001439e-05
700   900   3500  2.458582e-01  1.4045462410003973e-05
700   900   4000  2.459235e-01  8.700769890001026e-06
700   900   4500  2.459743e-01  4.723845696000294e-06
700   900   5000  2.460150e-01  2.350119476000101e-06
700   1000  2000  2.454664e-01  1.5538484600073926e-06
700   1000  2500  2.456492e-01  1.6554775640030547e-05
700   1000  3000  2.457711e-01  1.3305630170011846e-05
700   1000  3500  2.458582e-01  1.012759111000339e-05
700   1000  4000  2.459235e-01  6.6933773570009445e-06
700   1000  4500  2.459743e-01  3.8495547650002605e-06
700   1000  5000  2.460150e-01  1.9769953970000754e-06
800   500   900   2.430754e-01  3.31841094027525e-06
800   500   1000  2.432779e-01  9.325424100352635e-06
800   500   1250  2.436423e-01  0.00011776988740180096
800   500   1500  2.438853e-01  0.00013290282500121977
800   500   1750  2.440588e-01  0.0001092764184306425
800   500   2000  2.441890e-01  8.838194290031442e-05
800   500   2500  2.443712e-01  7.4277573800076e-05
800   500   3000  2.444927e-01  5.042398730001909e-05
800   500   3500  2.445794e-01  2.8545778000005133e-05
800   500   4000  2.446445e-01  1.4438788180001691e-05
800   500   4500  2.446951e-01  6.852593020000655e-06
800   500   5000  2.447356e-01  3.114356097000328e-06
800   600   1250  2.436423e-01  1.7200275600287405e-05
800   600   1500  2.438853e-01  7.36549165106871e-05
800   600   1750  2.440588e-01  7.809603664975805e-05
800   600   2000  2.441890e-01  6.481638723025441e-05
800   600   2500  2.443712e-01  4.91619689000677e-05
800   600   3000  2.444927e-01  3.7539849100016895e-05
800   600   3500  2.445794e-01  2.3044014690004524e-05
800   600   4000  2.446445e-01  1.229235049000135e-05
800   600   4500  2.446951e-01  6.054575590000483e-06
800   600   5000  2.447356e-01  2.8039032070001993e-06
800   700   1250  2.436423e-01  1.1595860800415542e-06
800   700   1500  2.438853e-01  1.8510766580182094e-05
800   700   1750  2.440588e-01  4.614295638027824e-05
800   700   2000  2.441890e-01  4.6822479549593564e-05
800   700   2500  2.443712e-01  3.289686971005671e-05
800   700   3000  2.444927e-01  2.659817390001467e-05
800   700   3500  2.445794e-01  1.7853764200003937e-05
800   700   4000  2.446445e-01  1.018117392000112e-05
800   700   4500  2.446951e-01  5.192337260000365e-06
800   700   5000  2.447356e-01  2.4767569310001435e-06
800   800   1500  2.438853e-01  9.839417600174841e-07
800   800   1750  2.440588e-01  1.5553296860098384e-05
800   800   2000  2.441890e-01  2.8746644810117995e-05
800   800   2500  2.443712e-01  2.3522433670045942e-05
800   800   3000  2.444927e-01  1.8193977800012677e-05
800   800   3500  2.445794e-01  1.3327214460003478e-05
800   800   4000  2.446445e-01  8.172455130000921e-06
800   800   4500  2.446951e-01  4.358904810000291e-06
800   800   5000  2.447356e-01  2.1591120420000996e-06
800   900   1750  2.440588e-01  9.183837500088825e-07
800   900   2000  2.441890e-01  1.179839891004966e-05
800   900   2500  2.443712e-01  1.713287152103474e-05
800   900   3000  2.444927e-01  1.2508937580011121e-05
800   900   3500  2.445794e-01  9.716966400003095e-06
800   900   4000  2.446445e-01  6.388446893000814e-06
800   900   4500  2.446951e-01  3.6223844650002292e-06
800   900   5000  2.447356e-01  1.844837695000078e-06
800   1000  2000  2.441890e-01  1.0523591000057147e-06
800   1000  2500  2.443712e-01  1.1300520966173103e-05
800   1000  3000  2.444927e-01  8.860662980008954e-06
800   1000  3500  2.445794e-01  6.815228430002636e-06
800   1000  4000  2.446445e-01  4.830101247000718e-06
800   1000  4500  2.446951e-01  2.903731103000198e-06
800   1000  5000  2.447356e-01  1.5497443460000596e-06
900   500   900   2.428753e-01  2.2061864602103888e-06
900   500   1000  2.430777e-01  6.089494100266453e-06
900   500   1250  2.434419e-01  7.751379601138023e-05
900   500   1500  2.436847e-01  8.872559731092365e-05
900   500   1750  2.438582e-01  7.391114514949391e-05
900   500   2000  2.439883e-01  5.690274280024249e-05
900   500   2500  2.441704e-01  4.775592197005851e-05
900   500   3000  2.442918e-01  3.567450340001479e-05
900   500   3500  2.443785e-01  2.1459101780004037e-05
900   500   4000  2.444436e-01  1.1310172480001292e-05
900   500   4500  2.444942e-01  5.510750240000506e-06
900   500   5000  2.445346e-01  2.5523226570002618e-06
900   600   1250  2.434419e-01  1.1367057210213116e-05
900   600   1500  2.436847e-01  4.945151051052419e-05
900   600   1750  2.438582e-01  5.329378271035541e-05
900   600   2000  2.439883e-01  4.3946762949193415e-05
900   600   2500  2.441704e-01  3.127364583005183e-05
900   600   3000  2.442918e-01  2.584660020001312e-05
900   600   3500  2.443785e-01  1.70268670100035e-05
900   600   4000  2.444436e-01  9.49712923000103e-06
900   600   4500  2.444942e-01  4.838227500000369e-06
900   600   5000  2.445346e-01  2.287819199000174e-06
900   700   1250  2.434419e-01  7.831555610318721e-07
900   700   1500  2.436847e-01  1.2436392140136622e-05
900   700   1750  2.438582e-01  3.145597695021359e-05
900   700   2000  2.439883e-01  3.201634791671099e-05
900   700   2500  2.441704e-01  2.142896096804349e-05
900   700   3000  2.442918e-01  1.7770647750011565e-05
900   700   3500  2.443785e-01  1.2911640050003107e-05
900   700   4000  2.444436e-01  7.765878960000879e-06
900   700   4500  2.444942e-01  4.1147305800002915e-06
900   700   5000  2.445346e-01  2.0221621950001182e-06
900   800   1500  2.436847e-01  6.706459800132752e-07
900   800   1750  2.438582e-01  1.0606893050074514e-05
900   800   2000  2.439883e-01  1.975200056009135e-05
900   800   2500  2.441704e-01  1.6095356845035188e-05
900   800   3000  2.442918e-01  1.1972831820009975e-05
900   800   3500  2.443785e-01  9.47108948000267e-06
900   800   4000  2.444436e-01  6.13386778000073e-06
900   800   4500  2.444942e-01  3.434580006000228e-06
900   800   5000  2.445346e-01  1.7372391800000846e-06
900   900   1750  2.438582e-01  6.318538100067502e-07
900   900   2000  2.439883e-01  8.124579330037814e-06
900   900   2500  2.441704e-01  1.1970621001226591e-05
900   900   3000  2.442918e-01  8.242803650008516e-06
900   900   3500  2.443785e-01  6.675712650002319e-06
900   900   4000  2.444436e-01  4.688703315000632e-06
900   900   4500  2.444942e-01  2.794896706000174e-06
900   900   5000  2.445346e-01  1.4723175500000612e-06
900   1000  2000  2.439883e-01  7.240093800042877e-07
900   1000  2500  2.441704e-01  7.921114634511232e-06
900   1000  3000  2.442918e-01  6.042787350007045e-06
900   1000  3500  2.443785e-01  4.59935529000202e-06
900   1000  4000  2.444436e-01  3.4752762550005306e-06
900   1000  4500  2.444942e-01  2.207376819000156e-06
900   1000  5000  2.445346e-01  1.228047812000048e-06
1000  600   1250  2.436600e-01  7.662056520165525e-06
1000  600   1500  2.439030e-01  3.374362253039826e-05
1000  600   1750  2.440765e-01  3.660397471027549e-05
1000  600   2000  2.442067e-01  3.0603054026951415e-05
1000  600   2500  2.443889e-01  1.9984781800040112e-05
1000  600   3000  2.445104e-01  1.7582445520009907e-05
1000  600   3500  2.445972e-01  1.2526265950002662e-05
1000  600   4000  2.446623e-01  7.349617740000805e-06
1000  600   4500  2.447129e-01  3.885549350000302e-06
1000  600   5000  2.447534e-01  1.8865289520001405e-06
1000  700   1250  2.436600e-01  5.445267230244152e-07
1000  700   1500  2.439030e-01  8.481116080106015e-06
1000  700   1750  2.440765e-01  2.160378840016549e-05
1000  700   2000  2.442067e-01  2.2339383620112006e-05
1000  700   2500  2.443889e-01  1.4513200960033866e-05
1000  700   3000  2.445104e-01  1.1810076160008808e-05
1000  700   3500  2.445972e-01  9.281663420002383e-06
1000  700   4000  2.446623e-01  5.92511556000066e-06
1000  700   4500  2.447129e-01  3.257232695000221e-06
1000  700   5000  2.447534e-01  1.6465287560000959e-06
1000  800   1500  2.439030e-01  4.6563266001028577e-07
1000  800   1750  2.440765e-01  7.3387554000569265e-06
1000  800   2000  2.442067e-01  1.3838042560070635e-05
1000  800   2500  2.443889e-01  1.1260252051027033e-05
1000  800   3000  2.445104e-01  7.843187077007817e-06
1000  800   3500  2.445972e-01  6.625661180002048e-06
1000  800   4000  2.446623e-01  4.596043024000568e-06
1000  800   4500  2.447129e-01  2.6956466920001724e-06
1000  800   5000  2.447534e-01  1.4119415880000685e-06
1000  900   1750  2.440765e-01  4.393426600051288e-07
1000  900   2000  2.442067e-01  5.679360639029373e-06
1000  900   2500  2.443889e-01  8.436327066420759e-06
1000  900   3000  2.445104e-01  5.589123839006519e-06
1000  900   3500  2.445972e-01  4.542975860001808e-06
1000  900   4000  2.446623e-01  3.4393367910004925e-06
1000  900   4500  2.447129e-01  2.156701241000138e-06
1000  900   5000  2.447534e-01  1.1850386850000493e-06
1000  1000  2000  2.442067e-01  5.104478970033022e-07
1000  1000  2500  2.443889e-01  5.583667443013607e-06
1000  1000  3000  2.445104e-01  4.244298025205316e-06
1000  1000  3500  2.445972e-01  3.086382460001565e-06
1000  1000  4000  2.446623e-01  2.4852952330004215e-06
1000  1000  4500  2.447129e-01  1.67772042300012e-06
1000  1000  5000  2.447534e-01  9.75038312000039e-07
