MA   Ma   BR(A->ah)     BR(a->bb)     Xsec      effective    Xsec  (Xsec*BR)
240  50   9.947406e-01  9.538419e-01  0.53875   0.00116038
240  60   9.972824e-01  9.540524e-01  0.53921   0.00116459
240  70   9.965976e-01  9.541776e-01  0.53979   0.0011652
240  80   9.999642e-01  9.542582e-01  0.54014   0.00116999
240  90   9.999586e-01  9.543131e-01  0.54133   0.00117263
240  95   9.999542e-01  9.543342e-01  0.53999   0.00116975
240  100  9.999477e-01  9.543522e-01  0.5405    0.00117087
280  50   9.919354e-01  9.538419e-01  0.46047   0.000988979
280  60   9.952666e-01  9.540524e-01  0.46114   0.000993963
280  70   9.853398e-01  9.541776e-01  0.46085   0.00098356
280  80   9.913502e-01  9.542582e-01  0.46009   0.000988011
280  90   9.994087e-01  9.543131e-01  0.45906   0.000993869
280  95   9.999571e-01  9.543342e-01  0.46039   0.000997318
280  100  9.999557e-01  9.543522e-01  0.46112   0.000998917
280  150  9.998651e-01  9.544445e-01  0.46068   0.00099797
300  50   9.904731e-01  9.538419e-01  0.45223   0.000969849
300  60   9.927291e-01  9.540524e-01  0.4532    0.000974358
300  70   9.789227e-01  9.541776e-01  0.45322   0.000960976
300  80   9.856916e-01  9.542582e-01  0.45135   0.00096371
300  90   9.944192e-01  9.543131e-01  0.45273   0.000975271
300  95   9.989794e-01  9.543342e-01  0.45139   0.000976866
300  100  9.991214e-01  9.543522e-01  0.45424   0.000983192
300  150  9.999245e-01  9.544445e-01  0.45169   0.000978553
320  50   9.887773e-01  9.538419e-01  0.4804    0.0010285
320  60   9.909394e-01  9.540524e-01  0.47981   0.00102971
320  70   9.734317e-01  9.541776e-01  0.48017   0.00101241
320  80   9.789193e-01  9.542582e-01  0.47961   0.00101701
320  90   9.880204e-01  9.543131e-01  0.48194   0.00103152
320  95   9.923200e-01  9.543342e-01  0.47947   0.00103072
320  100  9.966940e-01  9.543522e-01  0.48005   0.00103653
320  150  9.999302e-01  9.544445e-01  0.47941   0.00103861
350  50   9.728538e-01  9.538419e-01  0.81368   0.00171397
350  60   9.747636e-01  9.540524e-01  0.8142    0.00171881
350  70   9.529598e-01  9.541776e-01  0.81381   0.00167978
350  80   9.577024e-01  9.542582e-01  0.81072   0.00168187
350  90   9.657431e-01  9.543131e-01  0.81365   0.00170222
350  95   9.699682e-01  9.543342e-01  0.8131    0.00170855
350  100  9.739365e-01  9.543522e-01  0.81396   0.00171739
350  150  9.820442e-01  9.544445e-01  0.8129    0.0017296
350  200  9.727278e-01  9.544766e-01  0.81326   0.001714
400  50   9.308346e-01  9.538419e-01  0.41523   0.000836881
400  60   9.324358e-01  9.540524e-01  0.41479   0.000837617
400  70   9.061549e-01  9.541776e-01  0.41475   0.000814037
400  80   9.104091e-01  9.542582e-01  0.41519   0.000818795
400  90   9.169001e-01  9.543131e-01  0.41504   0.000824382
400  95   9.204250e-01  9.543342e-01  0.41507   0.00082763
400  100  9.239428e-01  9.543522e-01  0.41426   0.000829187
400  150  9.383303e-01  9.544445e-01  0.41359   0.000840819
400  200  9.317728e-01  9.544766e-01  0.41483   0.000837474
400  250  8.957854e-01  9.528829e-01  0.41429   0.000802738
450  50   8.497797e-01  9.538419e-01  0.22645   0.000416659
450  60   8.512121e-01  9.540524e-01  0.22616   0.000416919
450  70   8.241874e-01  9.541776e-01  0.22606   0.000403557
450  80   8.281766e-01  9.542582e-01  0.22642   0.00040619
450  90   8.335091e-01  9.543131e-01  0.22616   0.00040836
450  95   8.363173e-01  9.543342e-01  0.22564   0.000408802
450  100  8.391402e-01  9.543522e-01  0.22577   0.000410426
450  150  8.569168e-01  9.544445e-01  0.22627   0.00042009
450  200  8.512038e-01  9.544766e-01  0.22627   0.000417303
450  250  8.319825e-01  9.536452e-01  0.2258    0.000406678
450  300  7.569953e-01  7.668614e-01  0.226     0.000297813
500  50   7.692834e-01  9.538419e-01  0.13012   0.000216737
500  60   7.708233e-01  9.540524e-01  0.13011   0.000217202
500  70   7.438935e-01  9.541776e-01  0.12966   0.000208916
500  80   7.484128e-01  9.542582e-01  0.12955   0.000210025
500  90   7.534611e-01  9.543131e-01  0.12965   0.000211617
500  95   7.560407e-01  9.543342e-01  0.12972   0.000212461
500  100  7.586388e-01  9.543522e-01  0.12935   0.000212587
500  150  7.790158e-01  9.544445e-01  0.12988   0.000219212
500  200  7.801558e-01  9.544766e-01  0.12988   0.000219541
500  250  7.716426e-01  9.540336e-01  0.12975   0.000216827
500  300  7.454534e-01  7.695788e-01  0.12927   0.000168344
550  50   6.702485e-01  9.538419e-01  0.077818  0.000112932
550  60   6.718956e-01  9.540524e-01  0.077824  0.000113244
550  70   6.470005e-01  9.541776e-01  0.078007  0.000109318
550  80   6.519264e-01  9.542582e-01  0.077673  0.000109688
550  90   6.569263e-01  9.543131e-01  0.077905  0.000110866
550  95   6.594403e-01  9.543342e-01  0.077806  0.000111151
550  100  6.619305e-01  9.543522e-01  0.077594  0.000111269
550  150  6.835533e-01  9.544445e-01  0.078025  0.000115553
550  200  6.929676e-01  9.544766e-01  0.07795   0.000117036
550  250  6.936895e-01  9.542421e-01  0.077865  0.000117002
550  300  6.851002e-01  7.704128e-01  0.077738  9.31401e-05
600  50   5.485851e-01  9.538419e-01  0.048364  5.74471e-05
600  60   5.506433e-01  9.540524e-01  0.048186  5.74631e-05
600  70   5.297723e-01  9.541776e-01  0.04831   5.54347e-05
600  80   5.349026e-01  9.542582e-01  0.048468  5.61593e-05
600  90   5.400161e-01  9.543131e-01  0.048422  5.66456e-05
600  95   5.424357e-01  9.543342e-01  0.048332  5.67949e-05
600  100  5.449027e-01  9.543522e-01  0.048423  5.71617e-05
600  150  5.676014e-01  9.544445e-01  0.04829   5.93851e-05
600  200  5.848316e-01  9.544766e-01  0.04833   6.12405e-05
600  250  5.949635e-01  9.544499e-01  0.04846   6.24673e-05
600  300  5.990865e-01  7.709195e-01  0.048424  5.07674e-05
650  50   4.029646e-01  9.538419e-01  0.031011  2.70573e-05
650  60   4.085269e-01  9.540524e-01  0.031093  2.75094e-05
650  70   3.942045e-01  9.541776e-01  0.031058  2.65186e-05
650  80   3.990282e-01  9.542582e-01  0.030941  2.67442e-05
650  90   4.036951e-01  9.543131e-01  0.031028  2.71346e-05
650  95   4.060625e-01  9.543342e-01  0.03098   2.72521e-05
650  100  4.082669e-01  9.543522e-01  0.030978  2.73988e-05
650  150  4.317264e-01  9.544445e-01  0.030985  2.89826e-05
650  200  4.548177e-01  9.544766e-01  0.031007  3.05554e-05
650  250  4.740754e-01  9.544704e-01  0.031054  3.18973e-05
650  300  4.908738e-01  7.717910e-01  0.031078  2.67269e-05
700  50   2.523089e-01  9.538419e-01  0.020386  1.1137e-05
700  60   2.546553e-01  9.540524e-01  0.020406  1.1254e-05
700  70   2.477477e-01  9.541776e-01  0.020445  1.09711e-05
700  80   2.539395e-01  9.542582e-01  0.02044   1.12435e-05
700  90   2.578660e-01  9.543131e-01  0.020325  1.13538e-05
700  95   2.598870e-01  9.543342e-01  0.020441  1.15083e-05
700  100  2.618604e-01  9.543522e-01  0.020414  1.15806e-05
700  150  2.840632e-01  9.544445e-01  0.020382  1.25441e-05
700  200  3.099426e-01  9.544766e-01  0.020391  1.36934e-05
700  250  3.370524e-01  9.544816e-01  0.020432  1.49211e-05
700  300  3.641483e-01  7.723977e-01  0.020362  1.30007e-05
