gDM MA Ma MDM BR(A->ah) BR(a->b+b~) Xsec effective Xsec (Xsec*BR)
0.001 600 200 10 1.800586e-01 9.485669e-01 1.2466 0.212916
0.001 600 200 50 1.800586e-01 9.493287e-01 1.2482 0.213361
0.001 600 200 100 1.800586e-01 9.544766e-01 1.2508 0.214965
0.001 600 250 10 1.489247e-01 9.485614e-01 1.248589e-05 1.2525
0.001 600 250 50 1.489247e-01 9.490353e-01 1.249213e-05 1.2511
0.001 600 250 100 1.489247e-01 9.509084e-01 1.251678e-05 1.2515
0.001 600 250 150 1.489247e-01 9.544794e-01 1.256379e-05 1.2499
0.001 600 300 10 1.140701e-01 7.676943e-01 1.2501 0.109472
0.001 600 300 50 1.140701e-01 7.679067e-01 1.2509 0.109573
0.001 600 300 100 1.140701e-01 7.686708e-01 1.2517 0.109752
0.001 600 300 150 1.140701e-01 7.715690e-01 1.247 0.109752
0.001 600 300 200 1.140701e-01 7.715690e-01 1.2505 0.11006
0.001 600 350 10 7.819264e-02 4.031301e-03 1.2516 0.000394527
0.001 600 350 50 7.819264e-02 4.031305e-03 1.2471 0.000393109
0.001 600 350 100 7.819264e-02 4.031320e-03 1.2493 0.000393804
0.001 600 350 150 7.819264e-02 4.031352e-03 1.25 0.000394028
0.001 600 350 200 7.819264e-02 4.031407e-03 1.2506 0.000394222
0.001 600 350 250 7.819264e-02 4.031407e-03 1.2517 0.000394569
0.0025 600 200 10 1.800585e-01 9.187037e-01 1.2525 0.207189
0.0025 600 200 50 1.800585e-01 9.231883e-01 1.2541 0.208466
0.0025 600 200 100 1.800585e-01 9.544766e-01 1.2517 0.215119
0.0025 600 250 10 1.489246e-01 9.186575e-01 1.209227e-05 1.2494
0.0025 600 250 50 1.489246e-01 9.214427e-01 1.212893e-05 1.2462
0.0025 600 250 100 1.489246e-01 9.325902e-01 1.227566e-05 1.2535
0.0025 600 250 150 1.489246e-01 9.544794e-01 1.256379e-05 1.2462
0.0025 600 300 10 1.140700e-01 7.479739e-01 1.2492 0.106583
0.0025 600 300 50 1.140700e-01 7.492361e-01 1.2494 0.10678
0.0025 600 300 100 1.140700e-01 7.538056e-01 1.251 0.107569
0.0025 600 300 150 1.140700e-01 7.715690e-01 1.2503 0.110042
0.0025 600 300 200 1.140701e-01 7.715690e-01 1.25 0.110016
0.0025 600 350 10 7.819259e-02 4.030743e-03 1.2508 0.00039422
0.0025 600 350 50 7.819259e-02 4.030769e-03 1.2483 0.000393435
0.0025 600 350 100 7.819260e-02 4.030861e-03 1.2481 0.000393381
0.0025 600 350 150 7.819260e-02 4.031064e-03 1.2525 0.000394787
0.0025 600 350 200 7.819261e-02 4.031407e-03 1.2473 0.000393182
0.0025 600 350 250 7.819262e-02 4.031407e-03 1.2532 0.000395042
0.005 600 200 10 1.800582e-01 8.258477e-01 1.2471 0.185445
0.005 600 200 50 1.800582e-01 8.405292e-01 1.2494 0.189089
0.005 600 200 100 1.800582e-01 9.544766e-01 1.2541 0.215531
0.005 600 250 10 1.489243e-01 8.256921e-01 1.086857e-05 1.2516
0.005 600 250 50 1.489243e-01 8.347634e-01 1.098797e-05 1.2536
0.005 600 250 100 1.489243e-01 8.725585e-01 1.148547e-05 1.2492
0.005 600 250 150 1.489244e-01 9.544794e-01 1.256379e-05 1.2493
0.005 600 300 10 1.140698e-01 6.851195e-01 1.2498 0.0976737
0.005 600 300 50 1.140698e-01 6.893746e-01 1.2534 0.0985634
0.005 600 300 100 1.140698e-01 7.051058e-01 1.2484 0.10041
0.005 600 300 150 1.140699e-01 7.715690e-01 1.2482 0.109858
0.005 600 300 200 1.140699e-01 7.715690e-01 1.2495 0.109972
0.005 600 350 10 7.819244e-02 4.028750e-03 1.2514 0.000394213
0.005 600 350 50 7.819244e-02 4.028856e-03 1.252 0.000394413
0.005 600 350 100 7.819245e-02 4.029223e-03 1.2519 0.000394417
0.005 600 350 150 7.819246e-02 4.030036e-03 1.251 0.000394213
0.005 600 350 200 7.819249e-02 4.031407e-03 1.2507 0.000394253
0.005 600 350 250 7.819253e-02 4.031407e-03 1.2484 0.000393528
0.01 600 200 10 1.800569e-01 5.880887e-01 1.246 0.131938
0.01 600 200 50 1.800569e-01 6.188798e-01 1.2535 0.139682
0.01 600 200 100 1.800570e-01 9.544766e-01 1.2506 0.214928
0.01 600 250 10 1.489232e-01 5.877699e-01 7.736801e-06 1.2507
0.01 600 250 50 1.489232e-01 6.065377e-01 7.983842e-06 1.248
0.01 600 250 100 1.489233e-01 6.938926e-01 9.133691e-06 1.2523
0.01 600 250 150 1.489234e-01 9.544794e-01 1.256379e-05 1.2481
0.01 600 300 10 1.140689e-01 5.127636e-01 1.2503 0.0731305
0.01 600 300 50 1.140690e-01 5.224170e-01 1.2531 0.0746742
0.01 600 300 100 1.140690e-01 5.603099e-01 1.2476 0.0797391
0.01 600 300 150 1.140691e-01 7.715690e-01 1.2478 0.109822
0.01 600 300 200 1.140692e-01 7.715690e-01 1.2518 0.110174
0.01 600 350 10 7.819181e-02 4.020799e-03 1.2549 0.000394532
0.01 600 350 50 7.819182e-02 4.021223e-03 1.2531 0.000394008
0.01 600 350 100 7.819185e-02 4.022683e-03 1.2502 0.000393239
0.01 600 350 150 7.819192e-02 4.025927e-03 1.2523 0.000394218
0.01 600 350 200 7.819202e-02 4.031407e-03 1.2496 0.000393904
0.01 600 350 250 7.819218e-02 4.031407e-03 1.2475 0.000393243
0.025 600 200 10 1.800479e-01 1.950362e-01 1.2486 0.0438457
0.025 600 200 50 1.800481e-01 2.174625e-01 1.2513 0.048993
0.025 600 200 100 1.800485e-01 9.544766e-01 1.2534 0.215399
0.025 600 250 10 1.489155e-01 1.948166e-01 2.564220e-06 1.2517
0.025 600 250 50 1.489156e-01 2.081595e-01 2.739843e-06 1.2496
0.025 600 250 100 1.489160e-01 2.851621e-01 3.753367e-06 1.2503
0.025 600 250 150 1.489167e-01 9.544794e-01 1.256379e-05 1.2521
0.025 600 300 10 1.140628e-01 1.857170e-01 1.2502 0.0264835
0.025 600 300 50 1.140629e-01 1.938245e-01 1.2457 0.0275402
0.025 600 300 100 1.140632e-01 2.298732e-01 1.2539 0.0328773
0.025 600 300 150 1.140638e-01 7.715690e-01 1.2491 0.109931
0.025 600 300 200 1.140646e-01 7.715690e-01 1.2502 0.110028
0.025 600 350 10 7.818741e-02 3.966008e-03 1.2523 0.000388328
0.025 600 350 50 7.818748e-02 3.968591e-03 1.2535 0.000388954
0.025 600 350 100 7.818771e-02 3.977494e-03 1.2486 0.000388304
0.025 600 350 150 7.818811e-02 3.997399e-03 1.2498 0.000390624
0.025 600 350 200 7.818874e-02 4.031407e-03 1.2505 0.000394171
0.025 600 350 250 7.818975e-02 4.031407e-03 1.2483 0.000393483
0.05 600 200 10 1.800158e-01 5.758403e-02 1.2495 0.0129524
0.05 600 200 50 1.800163e-01 6.556993e-02 1.2521 0.0147794
0.05 600 200 100 1.800182e-01 9.544766e-01 1.2525 0.215209
0.05 600 250 10 1.488879e-01 5.750744e-02 7.569258e-07 1.2521
0.05 600 250 50 1.488884e-01 6.221631e-02 8.189050e-07 1.2514
0.05 600 250 100 1.488899e-01 9.187768e-02 1.209315e-06 1.2501
0.05 600 250 150 1.488928e-01 9.544794e-01 1.256307e-05 1.25
0.05 600 300 10 1.140408e-01 5.665735e-02 1.2512 0.00808432
0.05 600 300 50 1.140412e-01 5.970490e-02 1.2509 0.00851715
0.05 600 300 100 1.140424e-01 7.400437e-02 1.2493 0.0105436
0.05 600 300 150 1.140447e-01 7.715690e-01 1.2522 0.110185
0.05 600 300 200 1.140482e-01 7.715690e-01 1.2493 0.109933
0.05 600 350 10 7.817171e-02 3.781951e-03 1.2477 0.000368872
0.05 600 350 50 7.817199e-02 3.791362e-03 1.2511 0.000370799
0.05 600 350 100 7.817290e-02 3.824072e-03 1.2488 0.000373315
0.05 600 350 150 7.817450e-02 3.898733e-03 1.2477 0.000380276
0.05 600 350 200 7.817703e-02 4.031407e-03 1.2472 0.000393072
0.05 600 350 250 7.818107e-02 4.031407e-03 1.2511 0.000394321
0.1 600 200 10 1.798872e-01 1.507827e-02 1.248 0.00338506
0.1 600 200 50 1.798895e-01 1.728295e-02 1.2496 0.00388503
0.1 600 200 100 1.798969e-01 9.544766e-01 1.2542 0.215355
0.1 600 250 10 1.487775e-01 1.505726e-02 1.981870e-07 1.2506
0.1 600 250 50 1.487795e-01 1.635356e-02 2.152493e-07 1.249
0.1 600 250 100 1.487859e-01 2.475672e-02 3.258535e-07 1.25
0.1 600 250 150 1.487972e-01 9.544794e-01 1.256307e-05 1.2508
0.1 600 300 10 1.139528e-01 1.498988e-02 1.2522 0.00213893
0.1 600 300 50 1.139544e-01 1.584585e-02 1.2531 0.00226273
0.1 600 300 100 1.139594e-01 1.993514e-02 1.2484 0.00283611
0.1 600 300 150 1.139684e-01 7.715690e-01 1.2499 0.109909
0.1 600 300 200 1.139826e-01 7.715690e-01 1.2558 0.110442
0.1 600 350 10 7.810897e-02 3.189812e-03 1.2489 0.000311167
0.1 600 350 50 7.811010e-02 3.216751e-03 1.2497 0.000314001
0.1 600 350 100 7.811371e-02 3.312921e-03 1.2502 0.000323532
0.1 600 350 150 7.812013e-02 3.548399e-03 1.251 0.000346779
0.1 600 350 200 7.813023e-02 4.031407e-03 1.2459 0.000392427
0.1 600 350 250 7.814635e-02 4.031407e-03 1.251 0.000394115
