MA Ma MDM BR(A->ah) BR(a->b+b~) Xsec effective Xsec (Xsec*BR)
300 60 100 4.595752e-01 9.540524e-01 10.954 4.80288
600 100 100 1.897888e-01 9.543522e-01 1.2502 0.226443
600 100 150 1.909065e-01 9.543522e-01 1.2523 0.228159
600 100 200 1.926897e-01 9.543522e-01 1.2491 0.229702
600 100 250 1.956058e-01 9.543522e-01 1.2505 0.233439
600 100 300 2.044884e-01 9.543522e-01 1.2506 0.24406
600 100 350 2.044884e-01 9.543522e-01 1.2523 0.244391
600 100 400 2.044884e-01 9.543522e-01 1.2514 0.244216
600 100 450 2.044884e-01 9.543522e-01 1.2494 0.243825
600 100 500 2.044884e-01 9.543522e-01 1.2466 0.243279
600 150 100 1.869587e-01 9.544445e-01 1.2504 0.223124
600 150 150 1.881721e-01 9.544445e-01 1.2526 0.224967
600 150 200 1.901113e-01 9.544445e-01 1.2513 0.227049
600 150 250 1.932903e-01 9.544445e-01 1.249 0.230422
600 150 300 2.030352e-01 9.544445e-01 1.2513 0.242484
600 150 350 2.030352e-01 9.544445e-01 1.2518 0.242581
600 150 400 2.030352e-01 9.544445e-01 1.2433 0.240934
600 150 450 2.030352e-01 9.544445e-01 1.2497 0.242174
600 150 500 2.030352e-01 9.544445e-01 1.2463 0.241515
600 200 150 1.663259e-01 9.544766e-01 1.2543 0.199125
600 200 200 1.681125e-01 9.544766e-01 1.2474 0.200157
600 200 250 1.710446e-01 9.544766e-01 1.2503 0.204122
600 200 300 1.800586e-01 9.544766e-01 1.2504 0.214896
600 200 350 1.800586e-01 9.544766e-01 1.2499 0.21481
600 200 400 1.800586e-01 9.544766e-01 1.2489 0.214638
600 200 450 1.800586e-01 9.544766e-01 1.2573 0.216082
600 200 500 1.800586e-01 9.544766e-01 1.2479 0.214466
600 250 150 1.371693e-01 9.544794e-01 1.2494 0.163578
600 250 200 1.386947e-01 9.544794e-01 1.2482 0.165238
600 250 250 1.412008e-01 9.544794e-01 1.2507 0.168561
600 250 300 1.489247e-01 9.544794e-01 1.2515 0.177895
600 250 350 1.489247e-01 9.544794e-01 1.251 0.177824
600 250 400 1.489247e-01 9.544794e-01 1.2459 0.177099
600 250 450 1.489247e-01 9.544794e-01 1.2505 0.177753
600 250 500 1.489247e-01 9.544794e-01 1.2494 0.177597
600 300 200 1.059364e-01 7.715690e-01 1.2509 0.102245
600 300 250 1.079247e-01 7.715690e-01 1.2495 0.104048
600 300 300 1.140701e-01 7.715690e-01 1.25 0.110016
600 300 350 1.140701e-01 7.715690e-01 1.253 0.11028
600 300 400 1.140701e-01 7.715690e-01 1.2516 0.110157
600 300 450 1.140701e-01 7.715690e-01 1.2514 0.110139
600 300 500 1.140701e-01 7.715690e-01 1.2528 0.110263
600 350 200 7.240804e-02 4.031407e-03 1.2522 0.000365525
600 350 250 7.381907e-02 4.031407e-03 1.2523 0.000372678
600 350 300 7.819265e-02 4.031407e-03 1.2495 0.000393875
600 350 350 7.819265e-02 4.031407e-03 1.248 0.000393403
600 350 400 7.819265e-02 4.031407e-03 1.2516 0.000394537
600 350 450 7.819265e-02 4.031407e-03 1.2502 0.000394096
600 350 500 7.819265e-02 4.031407e-03 1.2537 0.000395199
600 400 250 4.208976e-02 1.460607e-03 1.252 7.69687e-05
600 400 300 4.467414e-02 1.460607e-03 1.2515 8.16621e-05
600 400 350 4.467414e-02 1.460607e-03 1.2535 8.17926e-05
600 400 400 4.467414e-02 1.460607e-03 1.2521 8.17012e-05
600 400 450 4.467414e-02 1.460607e-03 1.2495 8.15316e-05
600 400 500 4.467414e-02 1.460607e-03 1.2501 8.15707e-05
600 450 250 1.556092e-02 1.156556e-03 1.2526 2.25431e-05
600 450 300 1.654452e-02 1.156556e-03 1.253 2.39757e-05
600 450 350 1.654452e-02 1.156556e-03 1.2525 2.39662e-05
600 450 400 1.654452e-02 1.156556e-03 1.2513 2.39432e-05
600 450 450 1.654452e-02 1.156556e-03 1.2541 2.39968e-05
600 450 500 1.654452e-02 1.156556e-03 1.2538 2.3991e-05
650 90 100 2.036607e-01 9.543131e-01 0.80455 0.156369
1000 100 100 3.722491e-01 9.543522e-01 0.065063 0.0231141
1000 100 150 3.741430e-01 9.543522e-01 0.065026 0.0232185
1000 100 200 3.765820e-01 9.543522e-01 0.065108 0.0233993
1000 100 250 3.775891e-01 9.543522e-01 0.065106 0.0234611
1000 100 300 3.789141e-01 9.543522e-01 0.064926 0.0234784
1000 100 350 3.806512e-01 9.543522e-01 0.065197 0.0236845
1000 100 400 3.829853e-01 9.543522e-01 0.065184 0.0238249
1000 100 450 3.863919e-01 9.543522e-01 0.065116 0.0240118
1000 100 500 3.957413e-01 9.543522e-01 0.064863 0.0244972
1000 150 100 3.703016e-01 9.544445e-01 0.065123 0.0230166
1000 200 150 3.613522e-01 9.544766e-01 0.064983 0.0224128
1000 200 200 3.644333e-01 9.544766e-01 0.065042 0.0226244
1000 200 250 3.654684e-01 9.544766e-01 0.065221 0.0227511
1000 200 300 3.668309e-01 9.544766e-01 0.065157 0.0228135
1000 200 350 3.686180e-01 9.544766e-01 0.065123 0.0229127
1000 200 400 3.710210e-01 9.544766e-01 0.06528 0.0231177
1000 200 450 3.745313e-01 9.544766e-01 0.065215 0.0233131
1000 200 500 3.841858e-01 9.544766e-01 0.064955 0.0238188
1000 250 150 3.451918e-01 9.544780e-01 0.06515 0.0214655
1000 250 200 3.492305e-01 9.544780e-01 0.065015 0.0216716
1000 250 250 3.502518e-01 9.544780e-01 0.065056 0.0217487
1000 250 300 3.515964e-01 9.544780e-01 0.065053 0.0218312
1000 250 350 3.533603e-01 9.544780e-01 0.065116 0.021962
1000 250 400 3.557330e-01 9.544780e-01 0.065244 0.0221529
1000 250 450 3.592008e-01 9.544780e-01 0.065253 0.0223719
1000 250 500 3.687485e-01 9.544780e-01 0.065075 0.0229039
1000 300 200 3.284503e-01 7.731485e-01 0.065111 0.0165343
1000 300 250 3.310293e-01 7.746404e-01 0.065276 0.0167386
1000 300 300 3.323437e-01 7.746404e-01 0.065253 0.0167992
1000 300 350 3.340686e-01 7.746404e-01 0.064876 0.0167888
1000 300 400 3.363897e-01 7.746404e-01 0.065258 0.017005
1000 300 450 3.397840e-01 7.746404e-01 0.06516 0.0171508
1000 300 500 3.491412e-01 7.746404e-01 0.065045 0.017592
1000 350 200 3.053392e-01 4.031407e-03 0.065061 8.00866e-05
1000 350 250 3.086221e-01 4.031407e-03 0.065226 8.1153e-05
1000 350 300 3.098978e-01 4.031407e-03 0.06499 8.11936e-05
1000 350 350 3.115726e-01 4.031407e-03 0.065029 8.16814e-05
1000 350 400 3.138274e-01 4.031407e-03 0.064931 8.21485e-05
1000 350 450 3.171270e-01 4.031407e-03 0.064881 8.29483e-05
1000 350 500 3.262377e-01 4.031407e-03 0.06492 8.53826e-05
1000 400 250 2.818885e-01 1.460607e-03 0.064966 2.67483e-05
1000 400 300 2.831038e-01 1.460607e-03 0.065096 2.69174e-05
1000 400 350 2.846999e-01 1.460607e-03 0.065145 2.70895e-05
1000 400 400 2.868499e-01 1.460607e-03 0.065343 2.73771e-05
1000 400 450 2.899987e-01 1.460607e-03 0.065207 2.762e-05
1000 400 500 2.987077e-01 1.460607e-03 0.065116 2.84098e-05
1000 450 250 2.516905e-01 1.156556e-03 0.065127 1.89581e-05
1000 450 300 2.528253e-01 1.156556e-03 0.065064 1.90251e-05
1000 450 350 2.543163e-01 1.156556e-03 0.065234 1.91873e-05
1000 450 400 2.563260e-01 1.156556e-03 0.065151 1.93144e-05
1000 450 450 2.592718e-01 1.156556e-03 0.065006 1.94929e-05
1000 450 500 2.674350e-01 1.156556e-03 0.065097 2.01347e-05
